[-1.51115, 15.377674]
[-9.5, 15.5]
[-9.50973, 15.4715389]
[-9.51892, 15.4427109]
[-9.52755, 15.4135266]
[-9.53562, 15.383997]
[-9.54312, 15.354132]
[-9.55003, 15.323944]
[-9.55635, 15.293444]
[-9.56207, 15.262644]
[-9.56717, 15.231555]
[-9.57166, 15.20019]
[-9.57552, 15.168561]
[-9.57873, 15.136681]
[-9.58131, 15.104563]
[-9.58323, 15.07222]
[-9.58448, 15.039665]
[-9.58508, 15.006911]
[-9.58499, 14.973972]
[-9.58422, 14.940863]
[-9.58277, 14.907597]
[-9.58062, 14.874188]
[-9.57777, 14.840651]
[-9.57421, 14.807001]
[-9.56995, 14.773252]
[-9.56497, 14.739419]
[-9.55926, 14.705517]
[-9.55283, 14.671561]
[-9.54567, 14.637567]
[-9.53778, 14.603551]
[-9.52916, 14.569527]
[-9.51979, 14.535512]
[-9.50968, 14.501521]
[-9.49883, 14.46757]
[-9.48723, 14.43368]
[-9.47488, 14.39985]
[-9.46179, 14.36612]
[-9.44794, 14.33249]
[-9.43334, 14.29899]
[-9.41799, 14.26562]
[-9.40189, 14.2324]
[-9.38504, 14.19936]
[-9.36744, 14.1665]
[-9.34909, 14.13385]
[-9.32999, 14.10142]
[-9.31015, 14.06922]
[-9.28956, 14.03728]
[-9.26823, 14.00561]
[-9.24616, 13.97423]
[-9.22336, 13.94315]
[-9.19983, 13.91239]
[-9.17557, 13.88197]
[-9.15059, 13.8519]
[-9.12489, 13.8222]
[-9.09848, 13.79288]
[-9.07136, 13.76397]
[-9.04353, 13.73548]
[-9.01502, 13.70742]
[-8.985813, 13.67982]
[-8.955926, 13.65268]
[-8.925365, 13.62602]
[-8.894136, 13.59986]
[-8.86225, 13.57422]
[-8.829712, 13.54911]
[-8.796533, 13.52454]
[-8.762721, 13.50054]
[-8.728287, 13.47711]
[-8.693238, 13.45427]
[-8.657587, 13.43203]
[-8.621342, 13.41042]
[-8.584515, 13.38945]
[-8.547118, 13.36912]
[-8.509161, 13.34945]
[-8.470656, 13.33046]
[-8.431615, 13.31217]
[-8.392052, 13.29458]
[-8.351978, 13.2777]
[-8.311406, 13.26156]
[-8.270351, 13.24616]
[-8.228825, 13.23151]
[-8.186843, 13.21763]
[-8.144418, 13.20454]
[-8.101566, 13.19223]
[-8.0583018, 13.18073]
[-8.0146397, 13.17005]
[-7.9705955, 13.16018]
[-7.9261847, 13.15116]
[-7.881423, 13.14298]
[-7.836328, 13.13566]
[-7.790914, 13.1292]
[-7.745199, 13.12362]
[-7.6992, 13.11892]
[-7.652934, 13.11512]
[-7.606418, 13.11222]
[-7.55967, 13.11023]
[-7.512708, 13.10915]
[-7.465549, 13.109]
[-7.418212, 13.10979]
[-7.370716, 13.11151]
[-7.323079, 13.11417]
[-7.27532, 13.11779]
[-7.227458, 13.12236]
[-7.179511, 13.12789]
[-7.1315, 13.13439]
[-7.083443, 13.14186]
[-7.035361, 13.1503]
[-6.98727, 13.15973]
[-6.9392, 13.17013]
[-6.89116, 13.18152]
[-6.84317, 13.19389]
[-6.79526, 13.20725]
[-6.74744, 13.2216]
[-6.69974, 13.23695]
[-6.65217, 13.25328]
[-6.60476, 13.27061]
[-6.55752, 13.28893]
[-6.51048, 13.30824]
[-6.46366, 13.32854]
[-6.41707, 13.34983]
[-6.37075, 13.37211]
[-6.3247, 13.39537]
[-6.27896, 13.41961]
[-6.23353, 13.44484]
[-6.18845, 13.47104]
[-6.14373, 13.49821]
[-6.09939, 13.52635]
[-6.05546, 13.55546]
[-6.01195, 13.58552]
[-5.96888, 13.61653]
[-5.92628, 13.64849]
[-5.88417, 13.68138]
[-5.84256, 13.71521]
[-5.80148, 13.74997]
[-5.76095, 13.78564]
[-5.72098, 13.82222]
[-5.6816, 13.85969]
[-5.64282, 13.89806]
[-5.60467, 13.93731]
[-5.56716, 13.97743]
[-5.53032, 14.01841]
[-5.49417, 14.06025]
[-5.45871, 14.10291]
[-5.42398, 14.14641]
[-5.38998, 14.19072]
[-5.35675, 14.23583]
[-5.32429, 14.28174]
[-5.29262, 14.32841]
[-5.26177, 14.37585]
[-5.23175, 14.42404]
[-5.20257, 14.47296]
[-5.17426, 14.522605]
[-5.14683, 14.572949]
[-5.1203, 14.623981]
[-5.09468, 14.675685]
[-5.06999, 14.728045]
[-5.04624, 14.781043]
[-5.02345, 14.834663]
[-5.00164, 14.888887]
[-4.98082, 14.943698]
[-4.96101, 14.999078]
[-4.94221, 15.055007]
[-4.92444, 15.111467]
[-4.90772, 15.168439]
[-4.89206, 15.225904]
[-4.87747, 15.283842]
[-4.86397, 15.342233]
[-4.85155, 15.4010561]
[-4.84025, 15.4602913]
[-4.83006, 15.5199176]
[-4.821, 15.5799137]
[-4.81308, 15.640258]
[-4.80631, 15.70093]
[-4.8007, 15.761906]
[-4.79626, 15.823165]
[-4.79299, 15.884684]
[-4.7909, 15.946441]
[-4.79001, 16.008412]
[-4.79032, 16.070575]
[-4.79183, 16.132907]
[-4.79456, 16.195383]
[-4.79851, 16.257981]
[-4.80368, 16.320677]
[-4.81007, 16.383446]
[-4.81771, 16.446264]
[-4.82658, 16.50911]
[-4.83669, 16.57195]
[-4.84805, 16.63477]
[-4.86065, 16.69754]
[-4.87451, 16.76024]
[-4.88962, 16.82284]
[-4.90598, 16.88532]
[-4.92359, 16.94765]
[-4.94245, 17.00981]
[-4.96257, 17.07176]
[-4.98395, 17.1335]
[-5.00657, 17.19498]
[-5.03044, 17.25619]
[-5.05556, 17.3171]
[-5.08192, 17.37769]
[-5.10953, 17.43793]
[-5.13837, 17.49779]
[-5.16844, 17.55725]
[-5.19974, 17.61628]
[-5.23226, 17.67487]
[-5.266, 17.73297]
[-5.30095, 17.79058]
[-5.33711, 17.84766]
[-5.37445, 17.90418]
[-5.41299, 17.96014]
[-5.4527, 18.01549]
[-5.49359, 18.07021]
[-5.53563, 18.12429]
[-5.57882, 18.17769]
[-5.62316, 18.23039]
[-5.66862, 18.28237]
[-5.7152, 18.3336]
[-5.76289, 18.38407]
[-5.81167, 18.43374]
[-5.86153, 18.48259]
[-5.91245, 18.5306]
[-5.96443, 18.57775]
[-6.01744, 18.62401]
[-6.07148, 18.66937]
[-6.12652, 18.7138]
[-6.18256, 18.75727]
[-6.23957, 18.79977]
[-6.29754, 18.84127]
[-6.35644, 18.88176]
[-6.41628, 18.92122]
[-6.47701, 18.95961]
[-6.53864, 18.99693]
[-6.60113, 19.03315]
[-6.66446, 19.06826]
[-6.72863, 19.10222]
[-6.7936, 19.13504]
[-6.85936, 19.16668]
[-6.92588, 19.19713]
[-6.99315, 19.22637]
[-7.061141, 19.25439]
[-7.129829, 19.28116]
[-7.199194, 19.30668]
[-7.269213, 19.33092]
[-7.339861, 19.35387]
[-7.411116, 19.37551]
[-7.482952, 19.39584]
[-7.555346, 19.41483]
[-7.628272, 19.43247]
[-7.701706, 19.44875]
[-7.775621, 19.46365]
[-7.849993, 19.47717]
[-7.9247947, 19.48929]
[-8.0, 19.5]
[-8.0755822, 19.50929]
[-8.151515, 19.51714]
[-8.22777, 19.52356]
[-8.30432, 19.52852]
[-8.381139, 19.53203]
[-8.458197, 19.53406]
[-8.535467, 19.53462]
[-8.61292, 19.5337]
[-8.690529, 19.53129]
[-8.768263, 19.52738]
[-8.846095, 19.52197]
[-8.923996, 19.51505]
[-9.00193, 19.50662]
[-9.07988, 19.49668]
[-9.15781, 19.48522]
[-9.23569, 19.47224]
[-9.31349, 19.45773]
[-9.39119, 19.4417]
[-9.46874, 19.42414]
[-9.54612, 19.40506]
[-9.62331, 19.38445]
[-9.70027, 19.36232]
[-9.77696, 19.33866]
[-9.85337, 19.31348]
[-9.92946, 19.28678]
[-10.0052, 19.25856]
[-10.08056, 19.22883]
[-10.15551, 19.19759]
[-10.23002, 19.16485]
[-10.30406, 19.13061]
[-10.37759, 19.09488]
[-10.4506, 19.05766]
[-10.52305, 19.01897]
[-10.59491, 18.9788]
[-10.66615, 18.93717]
[-10.73673, 18.8941]
[-10.80664, 18.84957]
[-10.87585, 18.80362]
[-10.94431, 18.75625]
[-11.01201, 18.70746]
[-11.07891, 18.65728]
[-11.14499, 18.60571]
[-11.21021, 18.55277]
[-11.27456, 18.49848]
[-11.33799, 18.44284]
[-11.40049, 18.38587]
[-11.46203, 18.32759]
[-11.52257, 18.26801]
[-11.5821, 18.20715]
[-11.64058, 18.14503]
[-11.69798, 18.08167]
[-11.75429, 18.01708]
[-11.80948, 17.95128]
[-11.86351, 17.88429]
[-11.91638, 17.81614]
[-11.96804, 17.74684]
[-12.01848, 17.67641]
[-12.06767, 17.60488]
[-12.11558, 17.53226]
[-12.1622, 17.45858]
[-12.20751, 17.38387]
[-12.25147, 17.30815]
[-12.29407, 17.23143]
[-12.33529, 17.15375]
[-12.3751, 17.07513]
[-12.41348, 16.9956]
[-12.45041, 16.91517]
[-12.48588, 16.83389]
[-12.51986, 16.75177]
[-12.55234, 16.66884]
[-12.58329, 16.58513]
[-12.61271, 16.50067]
[-12.64056, 16.415489]
[-12.66683, 16.329609]
[-12.69152, 16.243064]
[-12.7146, 16.155882]
[-12.73605, 16.068093]
[-12.75587, 15.979729]
[-12.77403, 15.890819]
[-12.79053, 15.801394]
[-12.80535, 15.711487]
[-12.81848, 15.621127]
[-12.8299, 15.5303476]
[-12.83962, 15.4391804]
[-12.84761, 15.347658]
[-12.85386, 15.255813]
[-12.85837, 15.163678]
[-12.86113, 15.071286]
[-12.86213, 14.978671]
[-12.86136, 14.885867]
[-12.85882, 14.792907]
[-12.8545, 14.699825]
[-12.84838, 14.606656]
[-12.84048, 14.513433]
[-12.83079, 14.42019]
[-12.81929, 14.32696]
[-12.806, 14.23379]
[-12.7909, 14.1407]
[-12.77399, 14.04773]
[-12.75528, 13.95492]
[-12.73477, 13.86229]
[-12.71244, 13.76989]
[-12.68832, 13.67775]
[-12.66239, 13.58591]
[-12.63466, 13.4944]
[-12.60514, 13.40326]
[-12.57382, 13.31252]
[-12.54071, 13.22221]
[-12.50583, 13.13238]
[-12.46916, 13.04306]
[-12.43073, 12.95427]
[-12.39054, 12.86607]
[-12.34859, 12.77848]
[-12.30489, 12.69153]
[-12.25946, 12.60527]
[-12.21231, 12.51972]
[-12.16344, 12.43493]
[-12.11287, 12.35092]
[-12.06061, 12.26773]
[-12.00667, 12.1854]
[-11.95107, 12.10395]
[-11.89381, 12.02342]
[-11.83493, 11.94384]
[-11.77442, 11.86526]
[-11.71231, 11.78769]
[-11.64862, 11.71117]
[-11.58335, 11.63574]
[-11.51654, 11.56143]
[-11.4482, 11.48827]
[-11.37835, 11.41628]
[-11.307, 11.3455]
[-11.23419, 11.27597]
[-11.15993, 11.20771]
[-11.08424, 11.14075]
[-11.00715, 11.07512]
[-10.92867, 11.01085]
[-10.84885, 10.94797]
[-10.76768, 10.88651]
[-10.68522, 10.82649]
[-10.60147, 10.76794]
[-10.51647, 10.7109]
[-10.43024, 10.65538]
[-10.34281, 10.60141]
[-10.2542, 10.54902]
[-10.16446, 10.49824]
[-10.07359, 10.44908]
[-9.98165, 10.40157]
[-9.88864, 10.35574]
[-9.79462, 10.3116]
[-9.69959, 10.26919]
[-9.60361, 10.22852]
[-9.50669, 10.18961]
[-9.40888, 10.15248]
[-9.3102, 10.11716]
[-9.2107, 10.08366]
[-9.11039, 10.05201]
[-9.00932, 10.02221]
[-8.907515, 9.99429]
[-8.80502, 9.96827]
[-8.701866, 9.94416]
[-8.598089, 9.92197]
[-8.493724, 9.90173]
[-8.388808, 9.88344]
[-8.283378, 9.86712]
[-8.177471, 9.85279]
[-8.0711238, 9.84045]
[-7.9643746, 9.83011]
[-7.857261, 9.82179]
[-7.749821, 9.8155]
[-7.642094, 9.81125]
[-7.534118, 9.80904]
[-7.425931, 9.80888]
[-7.317573, 9.81078]
[-7.209084, 9.81475]
[-7.100502, 9.82079]
[-6.99187, 9.82891]
[-6.88322, 9.83911]
[-6.7746, 9.85139]
[-6.66605, 9.86576]
[-6.5576, 9.88222]
[-6.4493, 9.90077]
[-6.34119, 9.9214]
[-6.2333, 9.94413]
[-6.12569, 9.96895]
[-6.01838, 9.99585]
[-5.91143, 10.02483]
[-5.80486, 10.0559]
[-5.69872, 10.08904]
[-5.59306, 10.12425]
[-5.4879, 10.16152]
[-5.3833, 10.20085]
[-5.27929, 10.24223]
[-5.17591, 10.28565]
[-5.0732, 10.33111]
[-4.9712, 10.37858]
[-4.86996, 10.42807]
[-4.76951, 10.47956]
[-4.66988, 10.53304]
[-4.57113, 10.58849]
[-4.47329, 10.6459]
[-4.37639, 10.70526]
[-4.28049, 10.76654]
[-4.1856, 10.82975]
[-4.09178, 10.89485]
[-3.99906, 10.96183]
[-3.90748, 11.03067]
[-3.81708, 11.10136]
[-3.72789, 11.17386]
[-3.63995, 11.24817]
[-3.55329, 11.32426]
[-3.46796, 11.40211]
[-3.38398, 11.4817]
[-3.3014, 11.56299]
[-3.22024, 11.64598]
[-3.14055, 11.73062]
[-3.06235, 11.81691]
[-2.98568, 11.9048]
[-2.91057, 11.99428]
[-2.83705, 12.08531]
[-2.76517, 12.17787]
[-2.69494, 12.27193]
[-2.6264, 12.36746]
[-2.55958, 12.46443]
[-2.4945, 12.56281]
[-2.43121, 12.66256]
[-2.36972, 12.76366]
[-2.31007, 12.86606]
[-2.25229, 12.96975]
[-2.19639, 13.07468]
[-2.14241, 13.18082]
[-2.09037, 13.28813]
[-2.0403, 13.39658]
[-1.99222, 13.50614]
[-1.94616, 13.61676]
[-1.90213, 13.72841]
[-1.86017, 13.84105]
[-1.82029, 13.95464]
[-1.78252, 14.06915]
[-1.74687, 14.18454]
[-1.71336, 14.30076]
[-1.68202, 14.41778]
[-1.65286, 14.535552]
[-1.62589, 14.654041]
[-1.60114, 14.773205]
[-1.57863, 14.893001]
[-1.55835, 15.013389]
[-1.54034, 15.134325]
[-1.5246, 15.255768]




[9.334487, 1.152824]
[7.223683, 1.208129]
[12.757367, 1.095915]
[12.3716, 1.522309]
[12.639419, 1.713159]
[6.517386, 1.370596]
[5.155435, 1.789884]
[5.590022, 1.656921]
[10.106221, 0.755933]
[7.69386, 1.126597]
[11.104383, 1.380207]
[4.668601, 1.614472]
[12.364126, 0.872542]
[7.87931, 0.842862]
[10.320772, 0.739014]
[11.871623, 1.420966]
[12.78801, 1.600534]
[10.927366, 0.723709]
[12.76332, 1.740629]
[13.076744, 1.25188]
[5.781991, 1.935459]
[12.017719, 1.020295]
[8.772431, 0.232973]
[11.739015, 1.042604]
[8.060147, 0.845235]
[13.264474, 1.995036]
[8.298788, 1.23437]
[9.394359, 1.13931]
[8.526186, 0.494048]
[7.073173, 0.962513]
[10.068348, 0.984375]
[10.158077, 1.241144]
[13.397436, 2.039204]
[11.967689, 1.071077]
[5.529565, 1.786814]
[5.273732, 2.156723]
[9.917113, 1.010854]
[8.466723, 0.581085]
[9.174809, 0.544024]
[9.866306, 1.202823]
[11.983164, 0.895729]
[6.514489, 1.153615]
[6.489475, 0.698676]
[9.532395, 0.724945]
[10.758346, 1.06843]
[8.798773, 1.116672]
[7.236547, 0.699482]
[7.981854, 0.516542]
[12.598981, 1.903886]
[8.033683, 1.036419]
[9.803448, 0.5766]
[6.676172, 0.714875]
[12.747567, 1.115132]
[7.699581, 0.402209]
[11.335183, 1.187548]
[11.571711, 0.850133]
[5.960141, 1.267586]
[4.609128, 1.485337]
[4.68608, 1.498117]
[5.227641, 1.926032]
[10.295727, 0.497409]
[7.033319, 0.67947]
[12.079431, 1.461387]
[6.532893, 0.872956]
[5.733562, 1.929561]
[6.136853, 1.041199]
[9.241604, 0.945821]
[5.24713, 2.0582]
[13.085332, 1.621421]
[12.045804, 1.549028]
[5.549384, 1.510565]
[8.535765, 0.591235]
[9.44064, 0.62369]
[11.67684, 1.391153]
[12.896599, 1.093495]
[5.893139, 1.12577]
[5.74367, 1.268032]
[9.581591, 0.501826]
[7.324746, 1.281854]
[13.193469, 1.437586]
[9.445415, 0.632645]
[7.38866, 1.181232]
[8.265802, 0.706818]
[6.295703, 1.373701]
[13.141081, 1.62014]
[11.86604, 1.184867]
[9.461914, 0.688979]
[13.563604, 1.429316]
[10.483805, 0.5853]
[12.534647, 0.9376]
[9.342889, 0.773476]
[12.999348, 2.052444]
[11.399057, 0.959203]
[13.077424, 2.115714]
[11.258934, 1.196371]
[11.593803, 1.502332]
[7.678418, 0.716063]
[6.327315, 1.606448]
[9.281295, 0.455877]
[11.39502, 0.796715]
[4.881906, 2.00622]
[7.961628, 1.262012]
[13.005694, 1.462049]
[10.176667, 0.600142]
[9.248171, 0.902639]
[10.8935, 0.959625]
[11.26215, 1.016106]
[5.244503, 2.067939]
[12.295428, 1.789722]
[7.420007, 1.324116]
[5.291063, 1.501449]
[10.570623, 0.569125]
[10.365923, 0.48517]
[12.216934, 0.795762]
[9.702012, 1.101172]
[10.239858, 1.140636]
[6.730531, 0.885757]
[5.414775, 1.691063]
[9.900219, 0.319401]
[12.609561, 1.945344]
[10.697613, 1.274947]
[7.22545, 0.960189]
[8.813419, 0.89146]
[5.359439, 1.220647]
[7.348142, 0.902343]
[11.723657, 1.307178]
[5.10834, 1.379596]
[7.62816, 0.562116]
[9.621998, 0.790031]
[11.102332, 1.189444]
[4.810296, 1.689959]
[12.953193, 1.475924]
[10.895465, 0.539886]
[10.689784, 0.463538]
[7.82724, 0.565486]
[9.250751, 0.858705]
[8.75647, 0.361719]
[12.97338, 2.100323]
[13.478726, 2.146977]
[6.782341, 1.292641]
[10.431727, 1.214229]
[6.080499, 1.739941]
[10.881228, 1.191895]
[11.554848, 0.894135]
[12.88633, 1.42201]
[6.109505, 1.14076]
[11.691781, 0.567347]
[5.272124, 1.530809]
[13.008344, 1.568003]
[7.565714, 1.156033]
[7.057629, 1.198764]
[9.806249, 0.335892]
[13.375667, 2.03201]
[6.802517, 0.623155]
[11.750094, 1.335813]
[12.272082, 1.667907]
[11.230753, 1.290501]
[13.361134, 2.262057]
[13.200061, 1.283532]
[10.030635, 0.229035]
[4.831446, 1.979774]
[13.541902, 2.14476]
[12.288632, 0.812213]
[10.60136, 1.134938]
[11.335384, 1.131187]
[12.928917, 1.922183]
[9.264791, 0.197879]
[12.294325, 1.462003]
[8.784713, 1.119761]
[12.183034, 1.657537]
[9.349624, 0.326968]
[12.251656, 1.808408]
[7.013802, 1.079419]
[12.198951, 0.792304]
[7.778892, 0.876621]
[9.73659, 0.479814]
[4.626369, 1.512774]
[4.199754, -1.850145]
[13.881308, -1.907658]
[11.369596, -2.633406]
[12.082694, -2.592223]
[6.444028, -2.611099]
[8.411942, -2.907747]
[13.980305, -1.798008]
[5.951102, -2.857307]
[13.442199, -2.074626]
[15.301277, -0.885584]
[5.033045, -2.301626]
[12.407681, -2.638048]
[7.077633, -2.864986]
[6.875772, -2.600552]
[10.73985, -2.735283]
[4.518122, -2.324887]
[7.394957, -2.709314]
[9.313706, -3.011651]
[14.775856, -1.466438]
[2.775974, -1.018582]
[2.779874, -0.949832]
[3.239538, -1.757798]
[9.276047, -2.997131]
[12.258352, -2.285022]
[15.374271, -0.975722]
[4.144375, -2.026445]
[12.555099, -2.425936]
[15.57548, -0.3786]
[11.493136, -2.806131]
[5.403021, -2.659105]
[6.570029, -2.625277]
[15.415861, -0.5986]
[3.405492, -1.83514]
[8.532615, -3.134738]
[4.555155, -1.990911]
[11.047095, -2.983018]
[5.545465, -2.460757]
[14.526962, -1.32009]
[7.601567, -3.09012]
[3.619782, -1.532252]
[14.994776, -1.166931]
[3.183441, -1.29162]
[9.015413, -2.953507]
[8.561656, -2.822058]
[14.726582, -1.432345]
[4.398591, -2.179589]
[7.965519, -2.795076]
[3.779441, -1.860329]
[2.502035, -1.19172]
[7.784882, -2.728362]
[12.348508, -2.552497]
[10.001576, -3.172284]
[7.150428, -2.936463]
[10.73076, -2.897985]
[11.168593, -2.887751]
[9.378664, -2.804986]
[2.905665, -1.437509]
[15.31645, -0.816989]
[13.087864, -2.059768]
[14.216585, -1.497155]
[7.746956, -2.985687]
[12.4205, -2.435798]
[14.583544, -1.396342]
[2.498558, -0.905506]
[3.914443, -1.817051]
[6.289406, -2.547088]
[2.88477, -1.268808]
[10.033559, -3.142343]
[3.889665, -2.056723]
[8.442022, -3.131042]
[12.461895, -2.213956]
[6.52216, -2.873161]
[10.893432, -2.599105]
[9.810537, -3.116287]
[6.724987, -2.930355]
[14.939943, -1.323348]
[3.464761, -1.702687]
[14.398905, -1.148046]
[12.981833, -2.184624]
[9.417886, -2.971796]
[15.902382, -0.226401]
[7.956385, -2.90184]
[6.780886, -2.680877]
[15.772612, -0.173604]
[5.957396, -2.66756]
[8.030284, -2.758678]
[7.773381, -3.169834]
[7.313045, -3.078818]
[13.954544, -1.602427]
[8.95921, -2.768002]
[15.392334, -0.51876]
[4.692725, -2.41767]
[14.752693, -1.475469]
[4.081867, -1.936807]
[10.124928, -2.900919]
[3.444249, -1.451039]
[4.030257, -1.803651]
[2.636729, -1.106536]
[10.219504, -3.138954]
[5.932011, -2.528632]
[10.720875, -2.994568]
[14.67696, -1.449539]
[6.018342, -2.46883]
[9.097091, -2.878715]




[14.467691, 6.996328]
[15.483963, 8.536093]
[15.033198, 7.251656]
[15.226483, 7.647297]
[12.378816, 7.071152]
[15.232101, 8.278193]
[12.333202, 7.252878]
[15.122148, 7.991356]
[13.811322, 9.247271]
[14.898926, 9.871251]
[14.627355, 7.564961]
[15.119281, 7.276578]
[12.747731, 5.60194]
[12.489832, 6.982588]
[14.420009, 7.696498]
[14.831281, 7.037778]
[12.711283, 8.789611]
[12.564496, 8.440556]
[14.877943, 9.994827]
[14.82853, 8.300731]
[13.57998, 9.47421]
[13.277697, 8.784518]
[13.384955, 8.990073]
[14.940117, 9.186763]
[14.855328, 10.238964]
[15.393563, 8.133919]
[14.392284, 9.122481]
[15.244205, 8.127743]
[13.057822, 7.140635]
[12.593154, 6.314322]
[13.684204, 5.679649]
[15.352259, 8.392687]
[15.18504, 9.198326]
[13.341617, 6.301481]
[14.314407, 7.729475]
[13.584613, 7.188098]
[12.717114, 7.147808]
[15.38086, 8.138967]
[15.091329, 7.707609]
[14.527205, 8.697161]
[15.369001, 7.907358]
[14.570234, 7.65119]
[13.94771, 9.665133]
[13.165636, 6.429497]
[13.799973, 6.431171]
[13.021065, 8.177925]
[14.017493, 8.392248]
[14.961937, 7.88313]
[14.897748, 8.321614]
[13.412333, 6.871552]
[14.070959, 7.607155]
[15.466414, 8.186728]
[15.251616, 9.323279]
[14.076915, 9.126124]
[14.363692, 8.303235]
[15.009216, 8.525306]
[14.080224, 9.00573]
[14.338515, 7.470245]
[12.568517, 7.997786]
[12.451495, 7.645038]
[13.445472, 7.144403]
[12.918224, 7.859076]
[15.08847, 8.956548]
[13.093722, 8.702083]
[13.284205, 6.875322]
[14.295099, 6.457086]
[15.308894, 7.890213]
[15.245009, 9.334135]
[12.791996, 5.656481]
[13.927818, 7.81259]
[12.921575, 7.907944]
[13.816445, 6.827832]
[13.571455, 7.127505]
[15.18401, 8.971322]
[14.619501, 9.327803]
[14.705873, 10.02109]
[14.858395, 8.803081]
[13.063035, 7.020538]
[13.012642, 9.133684]
[13.954299, 7.294426]
[12.640934, 7.101787]
[15.43959, 8.026493]
[14.422972, 9.802779]
[14.705992, 9.211237]
[14.310111, 7.95509]
[13.647328, 7.998586]
[15.215679, 9.365814]
[14.053382, 7.91048]
[14.029798, 8.030588]
[14.744164, 7.137071]
[14.651739, 7.160326]
[13.625866, 8.724216]
[13.038178, 6.143727]
[15.218923, 9.770154]
[14.403777, 9.716157]
[13.975433, 9.653181]
[15.212855, 8.888133]
[15.174351, 8.561474]
[15.225057, 8.289679]
[14.001085, 8.004094]
[14.260323, 6.5607]
[13.82326, 8.301287]
[12.634696, 7.066673]
[13.631439, 7.956052]
[13.629915, 9.500306]
[15.290749, 7.983204]
[13.840223, 8.713207]
[13.873248, 8.9819]
[13.581866, 7.724301]
[15.200565, 7.66262]
[13.033359, 8.861639]
[15.212991, 7.879142]
[15.323066, 9.383011]
[14.042595, 7.891128]
[14.325233, 7.811958]
[11.856661, 5.809234]
[12.088376, 6.220069]
[14.378083, 7.683096]
[14.243624, 7.503705]
[15.440384, 8.22681]
[12.828852, 8.795628]
[14.51794, 8.926405]
[12.895425, 6.93299]
[15.278522, 8.704539]
[14.597762, 8.654923]
[15.281734, 8.488202]
[13.666319, 5.822008]
[15.184296, 9.477694]
[14.254043, 6.392232]
[13.361805, 6.515779]
[13.23889, 9.278698]
[14.715869, 8.38139]
[15.446775, 8.193702]
[13.008355, 6.722759]
[15.120784, 9.169673]
[13.430561, 7.933387]
[14.85332, 6.881017]
[14.405784, 8.554646]
[15.049986, 7.219508]
[13.22296, 5.947389]
[13.550632, 8.80337]
[13.340499, 5.568015]
[12.900485, 8.453444]
[15.360498, 8.718546]
[13.121882, 5.592577]
[14.916961, 9.932133]
[15.400432, 8.613181]
[14.993649, 7.866459]
[14.42061, 9.936549]
[15.054545, 9.717558]
[14.156304, 8.989649]
[13.997844, 7.849653]
[14.448628, 7.471354]
[14.799712, 7.028166]
[11.889374, 5.341663]
[14.901324, 10.159952]
[13.374799, 6.224897]
[12.885301, 7.416095]
[15.470857, 8.807376]
[12.525832, 8.669703]
[14.259777, 9.168304]
[15.448262, 8.68363]
[13.93376, 9.354774]
[14.912334, 9.473299]
[14.744654, 9.810627]
[14.094258, 8.338025]
[15.305145, 7.595782]
[14.033184, 7.274246]
[13.531513, 6.252712]
[14.308805, 8.32555]
[14.830599, 7.894621]
[15.219804, 8.085763]
[13.315604, 7.919196]
[15.237302, 9.578815]
[14.54527, 8.400716]
[14.703959, 7.207779]
[13.693878, 9.060547]
[13.888142, 8.401146]
[15.007263, 9.132867]
[14.12481, 6.071675]
[15.316945, 9.466413]
[12.557319, 6.278129]
[14.60275, 9.517563]
[12.734826, 7.623444]
[14.446369, 6.515003]
[14.381416, 6.75597]
[14.013289, 9.097723]
[15.073816, 7.156667]
[14.162226, 6.686927]
[14.938529, 10.012283]
[13.478544, 7.817333]
[13.865072, 6.18129]
[14.776237, 6.566854]
[15.363465, 7.899906]
[14.919139, 6.909421]
[13.692554, 6.065558]
[12.662107, 6.534719]
[15.3851, 7.759741]
[13.17435, 9.19686]
[15.322183, 8.409755]
[14.547419, 7.001063]
[14.394662, 8.385033]
[13.508667, 7.592837]
[14.402592, 7.39681]
[15.196695, 8.759336]
[12.797873, 6.74711]
[12.955037, 5.649479]
[14.675883, 7.945219]
[13.092329, 9.110222]
[14.028092, 2.368055]
[17.724251, 7.84472]
[16.225979, 3.947343]
[17.028515, 6.344414]
[16.547369, 5.143048]
[16.640436, 4.971423]
[17.412525, 8.974755]
[16.422607, 4.982603]
[16.621214, 4.356432]
[16.241791, 5.555814]
[16.384071, 5.921421]
[16.616755, 5.86778]
[15.148834, 3.696327]
[17.246786, 8.377608]
[16.287956, 5.122839]
[17.830322, 7.44507]
[17.765898, 8.931498]
[17.393686, 6.949513]
[17.139135, 6.61604]
[17.344849, 8.496768]
[15.579914, 3.494484]
[15.981623, 3.996281]
[15.646523, 3.32825]
[17.30184, 6.223021]
[17.318405, 7.115451]
[15.957218, 4.841248]
[16.83012, 6.814394]
[16.742676, 6.658606]
[15.434223, 2.978011]
[15.718973, 3.704241]
[16.074287, 4.665036]
[16.640779, 4.375169]
[17.395782, 8.784857]
[17.188143, 8.104209]
[13.984904, 2.72893]
[17.335682, 6.198524]
[16.476387, 4.730359]
[17.119993, 6.965233]
[16.524172, 4.971552]
[16.778311, 4.823045]
[17.399553, 6.83109]
[17.510366, 6.454608]
[16.31424, 4.801148]
[16.218441, 5.290933]
[16.134411, 3.77359]
[16.875832, 5.110746]
[16.521935, 6.113395]
[16.537367, 4.218736]
[15.442986, 3.786251]
[17.064796, 7.533061]
[16.071367, 4.383211]
[16.984562, 5.963868]
[17.759293, 7.812604]
[15.835803, 3.440786]
[17.096291, 6.4392]
[15.651353, 3.850483]
[17.926653, 8.2921]
[13.982577, 2.365227]
[16.627777, 4.279364]
[17.535339, 8.577229]
[17.34367, 6.414772]
[16.455647, 4.455845]
[15.172818, 3.1992]
[13.965156, 2.495439]
[17.249069, 6.66095]
[16.873495, 6.627508]
[16.919136, 5.663838]
[15.425975, 3.778643]
[17.40802, 8.34341]
[15.185029, 3.059328]
[16.009354, 3.77957]
[14.875332, 3.563807]
[16.762707, 6.222118]
[17.285244, 8.51019]
[16.297451, 3.88888]
[14.113002, 2.172504]
[16.584066, 5.954562]
[17.296185, 6.758106]
[14.134315, 1.811545]
[16.830822, 6.239394]
[16.928131, 7.334067]
[15.361677, 3.749587]
[14.143206, 2.948226]
[17.589376, 8.086521]
[17.14517, 6.621879]
[16.326424, 4.500999]
[16.752913, 5.371026]
[16.128384, 5.346705]
[17.633972, 6.928338]
[15.714689, 4.572681]
[15.814992, 3.548354]
[16.862404, 5.053666]
[15.046469, 3.314755]
[17.0355, 5.065193]
[17.037888, 7.54629]
[16.713709, 5.193154]
[15.036811, 2.9701]
[17.031324, 7.94884]
[17.373901, 6.436948]
[15.277934, 2.704452]
[17.5888, 7.982708]
[17.341053, 8.537384]
[16.356972, 4.150101]
[17.021452, 7.136024]
[14.536381, 3.263459]
[16.317036, 5.418731]
[16.972097, 7.203701]
[17.292881, 7.457057]
[17.590528, 7.470997]
[17.148409, 6.586957]
[15.282383, 3.987278]
[15.74137, 4.398596]
[14.799473, 2.750277]
[17.761824, 8.764219]
[16.142885, 5.220274]
[16.707838, 5.907681]
[17.606255, 7.005153]
[15.518991, 3.142909]
[14.743699, 2.245092]
[17.540018, 7.462548]
[17.268108, 5.524888]
[15.752595, 3.767472]
[17.326273, 6.357116]
[13.909464, 2.385899]
[16.573942, 5.049413]
[17.606455, 7.570925]
[17.736216, 7.252724]
[17.517628, 7.049178]
[16.272091, 5.055526]
[14.248698, 2.754722]
[16.5186, 5.286826]
[15.33724, 3.368903]
[17.825533, 8.522828]
[16.766649, 6.251406]
[15.588351, 3.307584]
[17.94623, 8.297577]
[17.150461, 5.325473]
[17.838484, 7.468691]
[14.474232, 2.436212]
[17.145103, 7.851793]
[13.539163, 2.351274]
[15.563436, 3.015604]
[17.462576, 6.906336]
[16.99209, 6.491616]
[16.753325, 6.304726]
[16.70989, 5.650574]
[15.145217, 3.261051]
[16.629908, 4.949406]
[17.729389, 8.771602]
[17.134586, 7.028618]
[15.823974, 4.365041]
[15.127575, 3.247279]
[15.48459, 4.343161]
[14.867126, 2.705744]
[17.280539, 6.696436]
[16.502151, 5.303805]
[16.528723, 5.054523]
[16.780281, 5.835589]
[17.500408, 6.607711]
[19.758615, 6.913073]
[19.401514, 4.889308]
[19.892994, 7.434325]
[19.361628, 11.389095]
[19.517706, 5.530984]
[19.477541, 10.712845]
[18.414669, 3.150063]
[19.77309, 9.230553]
[17.464769, 1.593921]
[18.488298, 2.400224]
[19.937294, 8.102112]
[17.49818, 1.147946]
[17.813713, 1.906638]
[18.304773, 2.472321]
[17.148869, 1.117486]
[19.566465, 8.048672]
[19.10041, 11.287876]
[19.252157, 5.403482]
[19.14769, 11.275192]
[19.840509, 6.615557]
[19.585627, 6.133946]
[19.295397, 5.333294]
[19.810726, 6.62452]
[19.847725, 7.65277]
[18.917961, 3.286087]
[19.378513, 5.696687]
[19.74264, 5.749957]
[19.756317, 6.949408]
[19.760021, 9.829112]
[19.460779, 9.39454]
[16.375658, 0.018185]
[17.340841, 1.232661]
[19.389753, 5.954995]
[16.935234, 0.731999]
[19.687462, 5.59937]
[18.424715, 2.938004]
[19.182924, 4.499976]
[19.910824, 9.215158]
[16.999895, 0.7124]
[19.776953, 6.846925]
[19.763283, 8.498847]
[19.562187, 5.157059]
[17.174992, 1.141062]
[19.879438, 9.142668]
[19.066057, 11.493099]
[16.475445, 0.05331]
[19.6231, 10.511129]
[18.982098, 3.772493]
[18.16761, 2.309625]
[19.057415, 3.734883]
[19.824608, 7.460792]
[19.427744, 11.14635]
[19.654507, 5.753201]
[18.711853, 3.594286]
[18.421412, 3.245323]
[17.662384, 1.808753]
[19.784086, 7.371273]
[17.742634, 1.260543]
[18.105377, 2.481888]
[17.632423, 1.21269]
[18.611414, 3.211159]
[18.281898, 2.694396]
[19.215504, 4.982983]
[18.131613, 2.085742]
[17.274738, 1.03413]
[17.031721, 1.008464]
[19.529778, 8.538482]
[18.789885, 3.42556]
[19.128801, 3.720093]
[19.844255, 9.229634]
[18.077988, 2.533998]
[16.997936, 0.868067]
[19.503641, 5.997993]
[19.338949, 5.204145]
[19.664438, 9.88511]
[19.206591, 11.278478]
[19.841269, 8.982827]
[18.08754, 2.416983]
[19.117674, 11.219706]
[19.099754, 3.648298]
[19.737635, 7.667233]
[19.625891, 5.837599]
[19.519718, 9.128685]
[18.277893, 2.552532]
[19.367828, 9.949988]
[19.488977, 7.309898]
[17.89868, 1.624468]
[17.81724, 1.386583]
[17.437069, 0.992127]
[19.949493, 8.323478]
[19.13703, 4.472257]
[19.289757, 5.408105]
[18.437201, 2.794442]




[5.564799, 11.782053]
[3.861763, 10.06109]
[3.364345, 10.19331]
[3.692062, 10.515866]
[4.23395, 10.003093]
[4.80549, 9.978064]
[4.618501, 11.377746]
[5.263739, 10.820123]
[4.536742, 9.952325]
[4.082804, 9.875242]
[3.785894, 10.302918]
[5.514295, 10.502533]
[6.422256, 11.706095]
[4.110747, 11.103186]
[4.887432, 10.919868]
[4.81953, 10.430947]
[4.717367, 11.451199]
[4.617014, 11.209486]
[4.237202, 11.382547]
[3.628798, 10.692476]
[4.11471, 11.039587]
[3.83098, 11.027824]
[5.678345, 10.585672]
[3.700627, 10.745353]
[3.893268, 10.542175]
[5.58251, 11.496313]
[3.609467, 10.720611]
[4.7882, 11.317546]
[6.235127, 11.623566]
[6.566386, 11.553516]
[4.371039, 9.80536]
[4.166591, 10.994705]
[4.664389, 10.910475]
[5.651489, 11.448786]
[5.255803, 10.79658]
[4.487194, 10.553529]
[3.639004, 10.687482]
[5.587031, 10.622995]
[4.084394, 10.964285]
[6.027343, 10.98715]
[5.826038, 11.630048]
[3.869221, 9.891539]
[4.284781, 10.975441]
[3.955271, 10.485388]
[6.172461, 11.57675]
[3.384014, 10.567839]
[5.077119, 11.421814]
[4.466817, 9.909351]
[4.411248, 10.22585]
[5.767066, 10.772608]
[5.683246, 11.425206]
[3.856414, 10.752869]
[5.70142, 11.716258]
[5.0647930072, 13.8934783964]
[3.9112982375, 13.3678224918]
[4.521517863, 13.3209553904]
[5.7784531815, 13.7004809464]
[8.4745391239, 13.9889663964]
[7.4156867282, 13.4167819412]
[4.9300823708, 14.0686512152]
[7.0561148489, 13.2207973807]
[2.0959929449, 13.2603979505]
[6.0791672792, 14.0598333851]
[3.4093055378, 14.0106988813]
[5.3328189822, 14.1662243424]
[3.3750578782, 13.941700293]
[1.5234763422, 13.6299223484]
[1.7102784254, 13.3532346522]
[7.1683093226, 13.9587082197]
[2.7521333813, 13.7011870158]
[2.768406827, 13.3440127078]
[3.9869002521, 13.3089322516]
[5.3575574772, 13.6506529481]
[8.0935933047, 13.2980868188]
[6.216333512, 14.135820742]
[2.1486093111, 14.015019513]
[4.1120516204, 13.2070580055]
[6.2849897104, 13.2681185119]
[2.686655662, 13.9613189227]
[5.3887911129, 14.0121028414]
[2.9983222645, 13.895155873]
[6.9240528748, 13.4633483896]
[3.1560378906, 14.0553147467]
[5.8408360477, 13.2695025928]
[2.6012888991, 13.9407387418]
[5.777390196, 13.507995768]
[3.3409638272, 13.9205574012]
[8.0160344243, 13.9902161218]
[5.2875653442, 13.3811292612]
[7.5076527069, 13.8612731314]
[3.5660652239, 13.9604323409]
[3.8348455827, 14.0132680687]
[1.5915127925, 13.602205846]
[2.0934385238, 14.0952855081]
[6.1969005095, 13.7818502449]
[4.9909815378, 14.1458552366]
[3.1034443229, 13.9955322573]
[6.3978270204, 13.4280056463]
[5.1035116883, 13.6403600092]
[2.3661495857, 13.3683774868]
[7.0887945355, 13.5926091848]
[6.9076641789, 13.9441071246]
[4.8707930644, 13.7048115444]
[3.703765939, 13.2015700334]
[6.5106218432, 13.3730688645]
[2.2966497124, 13.7772393516]
[4.2937617803, 13.9793297621]
[1.9057822491, 14.1653246126]
[7.3598225894, 13.3310057149]
[5.9213883167, 13.2777943842]
[5.7312528081, 13.2352051796]
[7.7067049923, 13.6340696833]
[3.8337903493, 13.273317538]
[6.5938659729, 13.6591347689]
[5.9024335972, 13.4993519662]
[5.8680205375, 13.4741467028]
[3.9150082872, 13.6230408608]
[6.5210060312, 13.8941766224]
[6.3103704245, 13.4044580309]
[8.1730769519, 13.8042734771]
[7.0941141474, 13.8087335008]
[8.1284536833, 13.239965573]
[4.4519575678, 13.6059493234]
[7.3237633391, 13.3020403123]
[2.4308532651, 13.5918742698]
[8.0386452111, 13.6255918139]
[3.8271362954, 13.7546133718]
[3.7369494147, 13.5414830882]
[5.076978927, 13.3376768304]
[8.001574497, 13.9464805366]
[5.0404348676, 13.7811699384]
[3.242199762, 14.1132184722]
[6.6816304824, 13.3533392153]
[8.1212792657, 13.9308842291]
[6.3066827927, 13.5374504501]
[4.8681826389, 13.7964951452]
[8.0270722709, 13.493571041]
[2.1389690198, 13.7790809109]
[5.9681150571, 14.0604681226]
[6.8583413465, 13.7733618473]
[5.8423717697, 13.7055426024]
[2.8310128397, 13.7419334755]
[5.8585472242, 13.8234680926]
[1.5860373974, 13.4356249336]
[1.7966034082, 13.8636478575]
[3.1366270075, 13.5944717445]
[6.3646572395, 13.8113583567]
[4.0766837534, 13.6883534051]
[1.8685488896, 14.1390974382]
[2.818204876, 13.4243634397]
[3.6223600726, 13.8398507031]
[7.7989815741, 13.6200731958]
[3.4556386736, 13.7854102327]
[6.1188454553, 14.1101313639]
[6.432526903, 14.0979087879]
[3.2789656008, 13.9156003357]
[4.5686266343, 13.9549117741]
[8.3694825571, 14.0607968993]
[4.6472020955, 13.9947278917]
[8.2653235535, 13.7486558061]
[8.1094287194, 13.533364527]
[8.0835652193, 13.2381679032]
[2.8621481056, 14.1192431564]
[5.7641650753, 13.7637247954]
[8.3619663971, 13.593452202]
[7.2265440309, 13.4384626612]
[2.6323505957, 14.0412982391]
[8.382580695, 13.6603447183]
[6.5651786448, 13.885846939]
[6.9345556751, 13.2428949147]
[6.4168641192, 14.1348500967]
[4.6228408308, 13.3318928101]
[1.6621241635, 13.8439687153]
[3.250140537, 14.125438602]
[4.5094774652, 13.4635221311]
[2.4324921172, 14.0503658194]
[5.1892035778, 14.1320538284]
[2.2815318683, 13.2715700076]
[5.1705826896, 13.7550318109]
[6.3886545133, 14.064949903]
[3.9369422509, 13.4250086425]
[7.3513340605, 13.653243287]
[5.0337190516, 14.0717360962]
[6.0926846024, 13.5078324161]
[4.4307721911, 14.1445054599]
[2.1425125864, 13.5441567577]
[7.9409638504, 13.8446087686]
[6.6211298627, 14.0349168764]
[2.3188267248, 13.5454113812]
[4.5173025075, 13.3739227988]
[7.3511464095, 13.8834536858]
[2.3541965506, 13.6389251524]
[4.9364084215, 13.922193053]
[7.5175151553, 14.1290946242]
[6.1466107809, 13.8782110636]
[4.1874278339, 13.7148504442]
[7.1606111729, 14.1666657529]
[8.0035824149, 13.6944102275]
[3.1138093905, 13.4486181345]
[5.3491900996, 13.9709269805]
[7.1504481668, 13.2976506383]
[6.8708360135, 14.0989174864]
[7.9686629989, 13.212668252]
[6.8667416922, 13.5005937797]
[2.1185981494, 13.6999763528]
[4.0090008613, 14.1913224299]
[7.5763998965, 14.0173214935]
[5.4085774145, 13.2036856644]
[4.7535916585, 13.6589029786]
[4.4873392531, 13.8692372982]
[2.0429372198, 13.3787633477]
[8.0136397586, 13.5335871799]
[2.5870129941, 13.2675483616]
[6.3076945043, 14.0726224191]
[6.003318951, 13.4815406672]
[4.7865531249, 13.9232272397]
[5.7337006843, 13.3864417042]
[5.0111872414, 13.2122476628]
[3.8738082342, 13.2392651754]
[7.4136984595, 13.3354723703]
[7.5657900111, 13.2913430662]
[1.9565321477, 13.9261086723]
[6.8435251992, 14.0682003431]
[4.4334557168, 13.2647507289]
[2.0620725732, 14.1745485876]
[5.0395712662, 14.0280959271]
[6.2272570771, 14.0883079696]
[6.5482620136, 13.7976595145]
[3.9229790317, 13.4775863432]
[7.770526686, 13.8894451915]
[3.9590066562, 14.1647002604]
[2.4364075293, 13.8522026139]
[5.5550207032, 13.9210113101]
[3.955726295, 14.1673176354]
[7.969839067, 13.3663909063]
[6.1010018042, 13.8781135926]
[6.7208221578, 13.7791537557]
[6.8855416665, 13.9904707999]
[2.0851614587, 14.0737632181]
[2.7527815897, 14.140179043]
[3.0270080471, 13.8322502203]
[2.8185015379, 13.7203692131]
[2.908406595, 13.9613015976]
[4.0251853978, 13.6791274851]
[6.683415551, 13.3716817173]
[7.3167647345, 13.9565577091]
[6.6167928821, 13.3847805255]
[5.0625605171, 13.5776801231]
[3.6975874647, 13.5750397428]
[3.3536115049, 13.2019554002]
[4.2335253698, 13.2033023299]
[2.7982341188, 13.4951848826]
[3.0108040704, 13.6855179221]
[2.2709867584, 14.0208242317]
[6.0632311697, 13.651520988]
[4.2506726524, 13.9342445864]
[4.7073588991, 14.1835175555]
[3.6994371698, 13.8003320212]
[1.9284984001, 13.4374674757]
[8.2588200413, 13.5441565523]
[2.9395681752, 13.6784229419]
[4.0176500576, 13.3656257161]
[8.4777731104, 13.8119393094]
[7.1681939841, 13.9857497805]
[7.2978115226, 13.3719834097]
[8.2293712781, 13.9277916856]
[3.7623641226, 13.4101511289]
[4.6234336584, 13.3558610818]
[6.4244685001, 13.3989422992]
[5.1931339966, 13.7423566152]
[6.6082326956, 13.7320393799]
[7.1315953115, 13.86628854]
[6.9199783239, 13.7306061986]
[8.2863071167, 14.0719468599]
[2.4613832508, 13.4017630343]
[6.369474001, 13.5618617079]
[6.7600374285, 13.656084365]
[8.4962179179, 13.9397981519]
[3.0128208378, 14.0926275778]
[2.4317036686, 13.3513770667]
[2.037707085, 13.7952028651]
[4.9303041256, 13.2136815063]
[3.9512742539, 14.126864495]
[3.5837913579, 13.769679532]
[6.0889016108, 13.8969688726]
[7.5817676098, 14.170537374]
[6.3221398608, 13.5944330136]
[3.0265239482, 13.8534807279]
[2.6352831775, 13.2453833521]
[6.510559378, 13.2733914091]
[2.374535715, 13.6521706973]
[5.2614727493, 13.6929303378]
[3.2416751427, 14.0115397007]
[2.0801100801, 13.6216703696]
[3.0345915051, 13.6641492534]
[7.9225087657, 13.4685803086]
[7.8376048852, 13.7537524035]
[6.2105143645, 14.0975120373]
[3.8147550907, 14.0686218129]
[6.1523269953, 14.1544939524]
[2.7840686548, 13.8915075923]
[1.7148730846, 14.1057859059]
[3.9638324094, 14.1462835584]
[7.8784386518, 13.4754542632]
[2.0900520477, 13.7350369455]
[4.7204400285, 13.6304814618]
[5.6385914546, 13.8427074517]
[7.2346305365, 13.7732943674]
[5.0967934865, 13.4946384544]
[7.4736574795, 13.4694842552]
[8.0683914567, 13.8609005828]
[5.2043772554, 13.7933238547]
[3.9896950459, 14.1188955368]
[2.8449827137, 13.6525524953]
[8.0602032135, 14.0120667618]
[7.887968678, 13.8967872039]
[2.802819133, 13.4196679246]
[5.4363195747, 14.1170821561]
[2.3260021226, 13.3361648503]
[3.7551783212, 13.7923742235]
[4.4881514315, 13.6091439859]
[2.4918543219, 13.3718809314]
[6.7683835283, 13.2478321512]
[4.8596118151, 13.4884021392]
[2.4429879745, 13.5229076935]
[1.7673881077, 13.6051507853]
[5.3249785102, 14.1684185314]
[1.7989395147, 13.6102533192]
[6.4972136789, 13.6219908279]
[7.3767927215, 13.4648603297]
[5.7741065829, 14.0899574371]
[8.491453531, 13.5250490655]
[8.1350521606, 13.2359370164]
[2.3895707414, 13.5099303227]
[7.9124185692, 13.3191673926]
[7.5417310544, 13.828645448]
[6.1080854633, 13.3230524168]
[4.7302068463, 13.2341833434]
[7.3152574119, 13.8017494705]
[2.4266863351, 13.578554719]
[3.8620535515, 13.7999918345]
[5.7571855348, 13.4618260472]
[5.5995795627, 13.511649272]
[5.726720196, 13.5110783051]
[6.992362858, 14.1021525921]
[4.5719958132, 13.6575733219]
[4.7665501838, 14.1605523287]
[8.3941362854, 13.2744402907]
[2.3399845709, 13.3915479074]
[4.5300293609, 14.1305875858]
[3.5749011755, 13.3269688604]
[4.322394768, 13.3525246424]
[5.7343875461, 13.8946950487]
[3.1850549146, 13.726887065]
[8.3154934638, 14.0654311562]
[7.3970664351, 14.0945809503]
[3.1116057499, 13.6638345141]
[4.3882197256, 13.970924204]
[7.4954182031, 13.3240737988]
[7.7514495007, 14.031858403]
[1.6617296042, 13.5562813869]
[4.9854751581, 13.4791707683]
[7.3014762497, 13.7812427928]
[2.1032179575, 13.8306402087]
[5.372887254, 13.3142621681]
[5.7701424356, 13.8935279153]
[8.1834476916, 13.5550896943]
[3.0718884689, 14.0134938548]
[2.6947461269, 13.350867631]
[5.8693091501, 13.7357568893]
[3.2571038874, 13.3291599188]
[4.6489619082, 13.8293073029]
[3.0579568127, 13.484527692]
[6.8712076899, 13.2960676423]
[1.7669770364, 13.2472921757]
[1.8628709682, 14.1014247518]
[3.0566303909, 13.282775458]
[6.4703978219, 14.1023066314]
[2.4065625076, 13.3382815992]
[3.3689442296, 13.6315965355]
[1.9302906771, 14.0767022779]
[3.5033685809, 13.870595306]
[6.1441542311, 13.3779352333]
[6.0519510573, 13.6297569497]
[6.2027059591, 13.5513991775]
[4.8713941204, 13.7250672398]
[3.537616594, 14.1858550627]
[8.3577939109, 13.5999749133]
[6.814383616, 13.683768526]
[3.1560223394, 14.0673953686]
[7.1711541933, 14.1257145433]
[7.7493213308, 13.5799230787]
[5.6484521907, 13.7078121179]
[5.9653111398, 13.7235603387]
[7.8989897992, 13.8491511727]
[2.7282547939, 14.1245281615]
[4.2243771784, 13.9061449867]
[7.6076555022, 13.3062934936]
[4.0200852421, 13.8524077081]
[5.9437338719, 13.9813990968]
[6.0214383914, 13.7064320227]
[6.4699472054, 13.5488393528]
[1.901619792, 13.5192525557]
[6.9958819104, 13.5211399105]
[3.9307732952, 13.717132903]
[2.7514737067, 13.6913809227]
[8.2262601501, 13.7701547221]
[5.5357172186, 14.0085312652]
[6.73398438, 14.0925031053]
[7.8410553655, 13.2317975516]
[7.811242698, 13.7625312363]
[8.0932943264, 13.4137891918]
[3.0928113924, 13.6986757506]
[4.9864805709, 13.6958183945]
[4.5118667865, 13.5659307517]
[7.567347466, 13.5518064523]
[8.471410403, 13.2548811669]
[7.5468630285, 14.116835312]
[7.0292661111, 14.1885449335]
[7.2030286053, 13.8053856497]
[1.5249865816, 13.7149419634]
[5.4895212559, 13.3761459925]
[6.0169327485, 13.757697925]
[6.5552885779, 13.8354707936]
[2.7100681718, 13.7402173877]
[6.4220108828, 13.9672182629]
[7.6565306184, 13.8400146689]
[5.5755169778, 13.8734768706]
[4.9526890928, 13.8589946204]
[4.4439728232, 13.4011869273]
[3.2370847866, 13.2498165942]
[1.9236278562, 13.2836010447]
[7.6840856117, 14.0455473736]
[3.6019098007, 13.6011159206]
[8.2898869533, 13.4618467994]
[4.0089746122, 14.0304841167]
[5.9302673789, 13.4679768309]
[7.141887452, 14.0662015684]
[8.454995305, 13.4606756629]
[4.0803557017, 13.3546650054]
[7.3996503716, 13.3349164497]
[7.6888124216, 13.4280016602]
[3.6086954211, 13.5148396804]
[7.9306901097, 13.4897152747]
[5.1664450418, 13.828016324]
[8.1564291874, 14.155514522]
[8.1710124509, 14.1817277691]
[5.0539684638, 13.2865879199]
[7.1141454061, 13.4121019398]
[6.1597333218, 13.4372993254]
[2.5513554651, 13.3165390168]
[7.6687597458, 13.2592072788]
[3.0631097183, 13.8981690642]
[8.3045598506, 13.8221565686]
[6.3279773621, 13.4956916322]
[3.8160399722, 13.9310244271]
[4.6975599609, 14.1114615265]
[6.298171621, 13.3734049467]
[1.7472551991, 13.2900284285]
[8.435334478, 13.8745621446]
[2.1636530508, 13.3083381611]
[3.7640578526, 13.9978927833]
[2.2875112679, 14.0041185234]
[7.5088180546, 13.2297116823]
[7.4248745709, 13.7319333163]
[7.9004238753, 13.6371607027]
[3.2429765835, 13.547929694]
[4.1247565711, 13.7010669702]
[6.6430418652, 13.3403511181]
[3.3422116067, 13.2901046349]
[6.8280779982, 13.4451904707]
[4.5346128081, 13.817969173]
[2.6019176454, 13.2364711052]
[2.1917788682, 13.2328735183]
[5.1131200884, 13.7191836727]
[6.3162734113, 13.2543455472]
[2.2950518732, 13.8686004777]
[4.2961315899, 14.0650462767]
[1.7072356073, 13.9929612163]
[6.5989144151, 13.2426430262]
[7.6213746101, 13.9353280103]
[4.089026503, 14.1623376138]
[7.2198536517, 13.9315698653]
[1.8878969199, 13.307568715]
[2.5408878878, 13.9955070764]
[4.5750521081, 13.9449343016]
[4.8926349068, 13.4709654754]
[7.4481276514, 13.5777363442]
[2.928650195, 13.3314562177]
[5.0233222202, 13.7032237505]
[6.3318285276, 13.7303944952]
[3.0990205249, 13.7199388787]
[8.339018971, 13.9560031468]
[5.7945508689, 13.355400737]
[1.6422675434, 14.0164898613]
[5.8167030807, 13.2258642102]
[5.6177184908, 14.1367948668]
[3.6283945765, 13.5448755424]
[2.398657931, 14.1467466972]
[4.0467611209, 13.3433627289]
[6.1266168964, 14.0624758215]
[7.181775525, 13.6712618962]
[6.5025500786, 13.4496894284]
[7.4277401841, 14.1058770579]
[8.4937387742, 13.2787796902]
[2.758499451, 14.1644002242]
[5.2921188208, 13.999793402]
[7.819538248, 13.3441298318]
[4.9946783313, 13.6347780682]
[5.6808841394, 14.066954759]
[6.6216438685, 13.7547261797]
[3.7477046177, 13.2960386845]
[8.4969616679, 13.9774302613]
[6.1014700497, 13.224976257]
[3.5183176438, 13.8002718534]
[2.9797816963, 14.0406656727]
[1.7602740424, 13.848257924]
[7.7631279239, 13.6970899932]
[8.2681530523, 13.9113893032]
[4.3764163542, 13.2524360409]
[5.0444886889, 13.9484671064]
[6.01345774, 13.2644189368]
[5.2640629841, 13.9842338355]
[3.9785834574, 13.4215402119]
[3.8211055943, 13.5478594678]
[5.7549058413, 13.6384150659]
[1.8521757647, 13.8950535954]
[7.5652975047, 13.579902126]
[8.3283085166, 13.6621033247]
[1.6972381303, 13.3792809209]
[3.4387158337, 13.2460368565]
[5.8688797196, 13.5859270376]
[8.4312587886, 13.5741227495]
[2.2896277017, 13.9847637865]
[5.1787578231, 13.8502840873]
[8.1813286543, 13.3583395968]
[3.4752861727, 13.8547175325]
[7.8590080428, 13.9427583076]
[8.0114199175, 13.4503749589]
[5.8584771939, 14.0796670628]
[6.4003397222, 13.4890321149]
[6.2384449558, 13.2391110866]
[2.4556688741, 13.9609427569]
[6.1922819472, 13.6489158199]
[4.1146683723, 14.0035408054]
[4.6664778339, 13.2242446805]
[8.3076184189, 14.0550532144]
[4.2237061618, 13.5255767892]
[4.4392358521, 14.1754815609]
[6.985579934, 13.5907320099]
[6.1382870586, 13.3142752117]
[6.8996310025, 14.0266980092]
[4.9757721466, 13.4686591609]
[8.928738, 18.96545]
[0.371864, 14.826909]
[3.961168, 18.05241]
[6.667381, 18.808376]
[6.873956, 18.751694]
[-1.439001, 12.577681]
[3.028491, 17.66783]
[-1.165722, 12.368277]
[0.863575, 15.955501]
[2.800044, 17.540714]
[6.01705, 18.63715]
[4.468988, 18.196939]
[6.517238, 18.917133]
[8.991136, 19.220409]
[1.200005, 16.077269]
[0.219604, 15.244243]
[1.335374, 16.320419]
[4.675408, 18.020222]
[3.263858, 17.553825]
[3.515329, 17.905153]
[7.201297, 18.880913]
[1.190052, 15.822925]
[2.738261, 17.125481]
[3.48505, 17.721436]
[4.298643, 17.873905]
[-0.416864, 14.019156]
[2.837313, 17.057447]
[0.686152, 15.709753]
[8.535821, 18.781246]
[0.811923, 15.958269]
[-0.341313, 14.397278]
[6.67354, 19.018476]
[6.250459, 18.73653]
[0.525609, 15.44248]
[-0.140218, 14.721715]
[5.278703, 18.552277]
[4.288265, 17.876514]
[8.342955, 18.916138]
[2.009832, 16.898281]
[8.467769, 19.164146]
[1.312623, 15.903328]
[3.499634, 17.853947]
[2.777426, 16.997364]
[0.228343, 15.201529]
[3.554043, 17.835802]
[-0.304318, 14.61772]
[0.590797, 15.272188]
[0.303355, 14.706606]
[2.107097, 16.987244]
[7.930229, 18.775318]
[3.825516, 17.583]
[4.145247, 18.139156]
[-1.36716, 12.34632]
[2.908649, 17.163437]
[0.733517, 15.351524]
[5.689602, 18.531929]
[7.733601, 18.985254]
[7.469556, 18.701084]
[4.924624, 18.323063]
[3.460526, 17.808893]
[7.011161, 18.786898]
[5.567863, 18.695972]
[6.823826, 18.76889]
[8.23877, 18.867462]
[0.072645, 14.434218]
[-1.314259, 12.970892]
[5.055602, 18.143368]
[-0.723678, 13.243483]
[5.55406, 18.310524]
[4.338897, 18.140965]
[8.470045, 19.191938]
[7.135166, 18.790569]
[4.309083, 18.16774]
[0.416257, 15.010651]
[4.621206, 18.009365]
[4.952057, 18.383015]
[6.31286, 18.632843]
[4.293702, 18.29847]
[4.33466, 17.970602]
[9.130461, 19.04324]
[2.109419, 16.845444]
[-0.9492, 13.056225]
[6.388257, 18.936529]
[-1.555767, 12.505489]
[-0.856901, 13.671063]
[1.990903, 16.867947]
[-0.777155, 13.800169]
[2.67156, 16.996189]
[7.965146, 19.09594]
[3.718115, 17.625866]
[2.969376, 17.106823]
[7.90171, 18.989101]
[-0.156132, 14.704008]
[-0.789807, 13.788136]
[7.926135, 18.96582]
[2.579646, 17.338768]
[1.197352, 16.182194]
[0.288064, 14.930603]
[1.996487, 16.776159]
[0.735565, 15.523533]
[8.423312, 19.17701]
[3.708874, 17.82761]
[4.315094, 18.189362]
[-1.0385, 12.727795]
[3.371575, 17.603001]
[6.028828, 18.821152]




[26.9777, 14.0]
[27.04487, 14.268445]
[24.75302, 16.38221]
[24.705158, 16.37764]
[24.657211, 16.37211]
[24.6092, 16.36561]
[24.561143, 16.35814]
[24.513061, 16.3497]
[24.46497, 16.34027]
[24.4169, 16.32987]
[24.36886, 16.31848]
[24.32087, 16.30611]
[27.04936, 14.29981]
[24.27296, 16.29275]
[24.22514, 16.2784]
[24.17744, 16.26305]
[24.12987, 16.24672]
[24.08246, 16.22939]
[24.03522, 16.21107]
[23.98818, 16.19176]
[23.94136, 16.17146]
[23.89477, 16.15017]
[23.84845, 16.12789]
[27.05322, 14.331439]
[23.8024, 16.10463]
[23.75666, 16.08039]
[23.71123, 16.05516]
[23.66615, 16.02896]
[23.62143, 16.00179]
[23.57709, 15.97365]
[23.53316, 15.94454]
[23.48965, 15.91448]
[23.44658, 15.88347]
[23.40398, 15.85151]
[27.05643, 14.363319]
[23.36187, 15.81862]
[23.32026, 15.78479]
[23.27918, 15.75003]
[23.23865, 15.71436]
[23.19868, 15.67778]
[23.1593, 15.64031]
[23.12052, 15.60194]
[23.08237, 15.56269]
[23.04486, 15.52257]
[23.00802, 15.48159]
[27.05901, 14.395437]
[22.97187, 15.43975]
[22.93641, 15.39709]
[22.90168, 15.35359]
[22.86768, 15.30928]
[22.83445, 15.26417]
[22.80199, 15.21826]
[22.77032, 15.17159]
[22.73947, 15.12415]
[22.70945, 15.07596]
[22.68027, 15.02704]
[27.06093, 14.42778]
[22.65196, 14.977395]
[22.62453, 14.927051]
[22.598, 14.876019]
[22.57238, 14.824315]
[22.54769, 14.771955]
[22.52394, 14.718957]
[22.50115, 14.665337]
[22.47934, 14.611113]
[22.45852, 14.556302]
[22.43871, 14.500922]
[27.06218, 14.460335]
[22.41991, 14.444993]
[22.40214, 14.388533]
[22.38542, 14.331561]
[22.36976, 14.274096]
[22.35517, 14.216158]
[22.34167, 14.157767]
[22.32925, 14.0989439]
[22.31795, 14.0397087]
[22.30776, 13.9800824]
[22.2987, 13.9200863]
[27.06278, 14.493089]
[22.29078, 13.859742]
[22.28401, 13.79907]
[22.2784, 13.738094]
[22.27396, 13.676835]
[22.27069, 13.615316]
[22.2686, 13.553559]
[22.26771, 13.491588]
[22.26802, 13.429425]
[22.26953, 13.367093]
[22.27226, 13.304617]
[27.06269, 14.526028]
[22.27621, 13.242019]
[22.28138, 13.179323]
[22.28777, 13.116554]
[22.29541, 13.053736]
[22.30428, 12.99089]
[22.31439, 12.92805]
[22.32575, 12.86523]
[22.33835, 12.80246]
[22.35221, 12.73976]
[22.36732, 12.67716]
[27.06192, 14.559137]
[22.38368, 12.61468]
[22.40129, 12.55235]
[22.42015, 12.49019]
[22.44027, 12.42824]
[22.46165, 12.3665]
[22.48427, 12.30502]
[22.50814, 12.24381]
[22.53326, 12.1829]
[22.55962, 12.12231]
[22.58723, 12.06207]
[26.98743, 14.0284611]
[27.06047, 14.592403]
[22.61607, 12.00221]
[22.64614, 11.94275]
[22.67744, 11.88372]
[22.70996, 11.82513]
[22.7437, 11.76703]
[22.77865, 11.70942]
[22.81481, 11.65234]
[22.85215, 11.59582]
[22.89069, 11.53986]
[22.9304, 11.48451]
[27.05832, 14.625812]
[22.97129, 11.42979]
[23.01333, 11.37571]
[23.05652, 11.32231]
[23.10086, 11.26961]
[23.14632, 11.21763]
[23.1929, 11.1664]
[23.24059, 11.11593]
[23.28937, 11.06626]
[23.33923, 11.01741]
[23.39015, 10.9694]
[27.05547, 14.659349]
[23.44213, 10.92225]
[23.49514, 10.87599]
[23.54918, 10.83063]
[23.60422, 10.7862]
[23.66026, 10.74273]
[23.71727, 10.70023]
[23.77524, 10.65873]
[23.83414, 10.61824]
[23.89398, 10.57878]
[23.95471, 10.54039]
[27.05191, 14.692999]
[24.01634, 10.50307]
[24.07883, 10.46685]
[24.14216, 10.43174]
[24.20633, 10.39778]
[24.2713, 10.36496]
[24.33706, 10.33332]
[24.40358, 10.30287]
[24.47085, 10.27363]
[24.538841, 10.24561]
[24.607529, 10.21884]
[27.04765, 14.726748]
[24.676894, 10.19332]
[24.746913, 10.16908]
[24.817561, 10.14613]
[24.888816, 10.12449]
[24.960652, 10.10416]
[25.033046, 10.08517]
[25.105972, 10.06753]
[25.179406, 10.05125]
[25.253321, 10.03635]
[25.327693, 10.02283]
[27.04267, 14.760581]
[25.4024947, 10.01071]
[25.4777, 10.0]
[25.5532822, 9.99071]
[25.629215, 9.98286]
[25.70547, 9.97644]
[25.78202, 9.97148]
[25.858839, 9.96797]
[25.935897, 9.96594]
[26.013167, 9.96538]
[26.09062, 9.9663]
[27.03696, 14.794483]
[26.168229, 9.96871]
[26.245963, 9.97262]
[26.323795, 9.97803]
[26.401696, 9.98495]
[26.47963, 9.99338]
[26.55758, 10.00332]
[26.63551, 10.01478]
[26.71339, 10.02776]
[26.79119, 10.04227]
[26.86889, 10.0583]
[27.03053, 14.828439]
[26.94644, 10.07586]
[27.02382, 10.09494]
[27.10101, 10.11555]
[27.17797, 10.13768]
[27.25466, 10.16134]
[27.33107, 10.18652]
[27.40716, 10.21322]
[27.4829, 10.24144]
[27.55826, 10.27117]
[27.63321, 10.30241]
[27.02337, 14.862433]
[27.70772, 10.33515]
[27.78176, 10.36939]
[27.85529, 10.40512]
[27.9283, 10.44234]
[28.00075, 10.48103]
[28.07261, 10.5212]
[28.14385, 10.56283]
[28.21443, 10.6059]
[28.28434, 10.65043]
[28.35355, 10.69638]
[27.01548, 14.896449]
[28.42201, 10.74375]
[28.48971, 10.79254]
[28.55661, 10.84272]
[28.62269, 10.89429]
[28.68791, 10.94723]
[28.75226, 11.00152]
[28.81569, 11.05716]
[28.87819, 11.11413]
[28.93973, 11.17241]
[29.00027, 11.23199]
[26.99662, 14.0572891]
[27.00686, 14.930473]
[29.0598, 11.29285]
[29.11828, 11.35497]
[29.17568, 11.41833]
[29.23199, 11.48292]
[29.28718, 11.54872]
[29.34121, 11.61571]
[29.39408, 11.68386]
[29.44574, 11.75316]
[29.49618, 11.82359]
[29.54537, 11.89512]
[26.99749, 14.964488]
[29.59328, 11.96774]
[29.6399, 12.04142]
[29.68521, 12.11613]
[29.72917, 12.19185]
[29.77177, 12.26857]
[29.81299, 12.34625]
[29.8528, 12.42487]
[29.89118, 12.5044]
[29.92811, 12.58483]
[29.96358, 12.66611]
[26.98738, 14.998479]
[29.99756, 12.74823]
[30.03004, 12.83116]
[30.06099, 12.91487]
[30.09041, 12.99933]
[30.11826, 13.084511]
[30.14453, 13.170391]
[30.16922, 13.256936]
[30.1923, 13.344118]
[30.21375, 13.431907]
[30.23357, 13.520271]
[26.97653, 15.03243]
[30.25173, 13.609181]
[30.26823, 13.698606]
[30.28305, 13.788513]
[30.29618, 13.878873]
[30.3076, 13.9696524]
[30.31732, 14.0608196]
[30.32531, 14.152342]
[30.33156, 14.244187]
[30.33607, 14.336322]
[30.33883, 14.428714]
[26.96493, 15.06632]
[30.33983, 14.521329]
[30.33906, 14.614133]
[30.33652, 14.707093]
[30.3322, 14.800175]
[30.32608, 14.893344]
[30.31818, 14.986567]
[30.30849, 15.07981]
[30.29699, 15.17304]
[30.2837, 15.26621]
[30.2686, 15.3593]
[26.95258, 15.10015]
[30.25169, 15.45227]
[30.23298, 15.54508]
[30.21247, 15.63771]
[30.19014, 15.73011]
[30.16602, 15.82225]
[30.14009, 15.91409]
[30.11236, 16.0056]
[30.08284, 16.09674]
[30.05152, 16.18748]
[30.01841, 16.27779]
[26.93949, 15.13388]
[29.98353, 16.36762]
[29.94686, 16.45694]
[29.90843, 16.54573]
[29.86824, 16.63393]
[29.82629, 16.72152]
[29.78259, 16.80847]
[29.73716, 16.89473]
[29.69001, 16.98028]
[29.64114, 17.06507]
[29.59057, 17.14908]
[26.92564, 15.16751]
[29.53831, 17.23227]
[29.48437, 17.3146]
[29.42877, 17.39605]
[29.37151, 17.47658]
[29.31263, 17.55616]
[29.25212, 17.63474]
[29.19001, 17.71231]
[29.12632, 17.78883]
[29.06105, 17.86426]
[28.99424, 17.93857]
[26.91104, 15.20101]
[28.9259, 18.01173]
[28.85605, 18.08372]
[28.7847, 18.1545]
[28.71189, 18.22403]
[28.63763, 18.29229]
[28.56194, 18.35925]
[28.48485, 18.42488]
[28.40637, 18.48915]
[28.32655, 18.55203]
[28.24538, 18.61349]
[26.89569, 15.23438]
[28.16292, 18.67351]
[28.07917, 18.73206]
[27.99417, 18.7891]
[27.90794, 18.84462]
[27.82051, 18.89859]
[27.7319, 18.95098]
[27.64216, 19.00176]
[27.55129, 19.05092]
[27.45935, 19.09843]
[27.36634, 19.14426]
[27.00525, 14.0864734]
[26.87959, 15.2676]
[27.27232, 19.1884]
[27.17729, 19.23081]
[27.08131, 19.27148]
[26.98439, 19.31039]
[26.88658, 19.34752]
[26.7879, 19.38284]
[26.6884, 19.41634]
[26.58809, 19.44799]
[26.48702, 19.47779]
[26.385215, 19.50571]
[26.86274, 15.30064]
[26.28272, 19.53173]
[26.179566, 19.55584]
[26.075789, 19.57803]
[25.971424, 19.59827]
[25.866508, 19.61656]
[25.761078, 19.63288]
[25.655171, 19.64721]
[25.5488238, 19.65955]
[25.4420746, 19.66989]
[25.334961, 19.67821]
[26.84514, 15.3335]
[25.227521, 19.6845]
[25.119794, 19.68875]
[25.011818, 19.69096]
[24.903631, 19.69112]
[24.795273, 19.68922]
[24.686784, 19.68525]
[24.578202, 19.67921]
[24.46957, 19.67109]
[24.36092, 19.66089]
[24.2523, 19.64861]
[26.82679, 15.36615]
[24.14375, 19.63424]
[24.0353, 19.61778]
[23.927, 19.59923]
[23.81889, 19.5786]
[23.711, 19.55587]
[23.60339, 19.53105]
[23.49608, 19.50415]
[23.38913, 19.47517]
[23.28256, 19.4441]
[23.17642, 19.41096]
[26.80769, 15.39858]
[23.07076, 19.37575]
[22.9656, 19.33848]
[22.861, 19.29915]
[22.75699, 19.25777]
[22.65361, 19.21435]
[22.5509, 19.16889]
[22.4489, 19.12142]
[22.34766, 19.07193]
[22.24721, 19.02044]
[22.14758, 18.96696]
[26.78785, 15.43078]
[22.04883, 18.91151]
[21.95099, 18.8541]
[21.85409, 18.79474]
[21.75819, 18.73346]
[21.6633, 18.67025]
[21.56948, 18.60515]
[21.47676, 18.53817]
[21.38518, 18.46933]
[21.29478, 18.39864]
[21.20559, 18.32614]
[26.76726, 15.46272]
[21.11765, 18.25183]
[21.03099, 18.17574]
[20.94566, 18.09789]
[20.86168, 18.0183]
[20.7791, 17.93701]
[20.69794, 17.85402]
[20.61825, 17.76938]
[20.54005, 17.68309]
[20.46338, 17.5952]
[20.38827, 17.50572]
[26.74593, 15.49439]
[20.31475, 17.41469]
[20.24287, 17.32213]
[20.17264, 17.22807]
[20.1041, 17.13254]
[20.03728, 17.03557]
[19.9722, 16.93719]
[19.90891, 16.83744]
[19.84742, 16.73634]
[19.78777, 16.63394]
[19.72999, 16.53025]
[26.72386, 15.52577]
[19.67409, 16.42532]
[19.62011, 16.31918]
[19.56807, 16.21187]
[19.518, 16.10342]
[19.46992, 15.99386]
[19.42386, 15.88324]
[19.37983, 15.77159]
[26.70106, 15.55685]
[27.01332, 14.116003]
[26.67753, 15.58761]
[26.65327, 15.61803]
[26.62829, 15.6481]
[26.60259, 15.6778]
[26.57618, 15.70712]
[26.54906, 15.73603]
[26.52123, 15.76452]
[26.49272, 15.79258]
[26.463513, 15.82018]
[26.433626, 15.84732]
[27.02082, 14.145868]
[26.403065, 15.87398]
[26.371836, 15.90014]
[26.33995, 15.92578]
[26.307412, 15.95089]
[26.274233, 15.97546]
[26.240421, 15.99946]
[26.205987, 16.02289]
[26.170938, 16.04573]
[26.135287, 16.06797]
[26.099042, 16.08958]
[27.02773, 14.176056]
[26.062215, 16.11055]
[26.024818, 16.13088]
[25.986861, 16.15055]
[25.948356, 16.16954]
[25.909315, 16.18783]
[25.869752, 16.20542]
[25.829678, 16.2223]
[25.789106, 16.23844]
[25.748051, 16.25384]
[25.706525, 16.26849]
[27.03405, 14.206556]
[25.664543, 16.28237]
[25.622118, 16.29546]
[25.579266, 16.30777]
[25.5360018, 16.31927]
[25.4923397, 16.32995]
[25.4482955, 16.33982]
[25.4038847, 16.34884]
[25.359123, 16.35702]
[25.314028, 16.36434]
[25.268614, 16.3708]
[27.03977, 14.237356]
[25.222899, 16.37638]
[25.1769, 16.38108]
[25.130634, 16.38488]
[25.084118, 16.38778]
[25.03737, 16.38977]
[24.990408, 16.39085]
[24.943249, 16.391]
[24.895912, 16.39021]
[24.848416, 16.38849]
[24.800779, 16.38583]




[2.621903, 8.410019]
[3.808206, 7.439472]
[3.006407, 9.183741]
[4.199764, 7.107236]
[5.079368, 6.488869]
[2.793956, 9.520861]
[4.699555, 7.504381]
[2.562495, 8.079812]
[5.160959, 6.827317]
[3.885911, 8.255789]
[3.831129, 8.342843]
[3.763094, 8.826543]
[3.24259, 8.421957]
[3.285343, 9.454054]
[2.969354, 9.505102]
[2.718066, 7.75542]
[3.971161, 6.233037]
[4.306137, 6.073319]
[3.640258, 7.066937]
[3.204656, 8.819695]
[3.665359, 8.280731]
[4.901591, 7.956638]
[2.616746, 8.077674]
[3.888699, 7.838181]
[2.709614, 7.699506]
[4.108139, 6.917848]
[4.72585, 8.253421]
[4.698015, 7.995143]
[3.842466, 9.156186]
[3.435595, 8.074634]
[3.661556, 6.572813]
[4.588856, 8.040503]
[4.657404, 8.74794]
[3.772771, 8.495072]
[3.340124, 7.498899]
[3.545855, 7.173959]
[4.474191, 8.945728]
[2.767212, 7.940718]
[3.530252, 6.233691]
[4.253661, 8.107651]
[3.442112, 8.82987]
[2.577846, 8.226719]
[4.041092, 7.111822]
[3.3165, 7.595993]
[5.432254, 5.33333]
[5.325493, 5.438902]
[4.257078, 9.40747]
[5.063578, 6.369475]
[3.331259, 8.950621]
[3.902365, 7.252767]
[4.271755, 7.876889]
[2.957263, 9.364554]
[4.991568, 6.447376]
[3.77916, 7.983635]
[3.638686, 7.996787]
[3.040881, 6.958979]
[3.050974, 9.722713]
[4.057345, 8.702224]
[4.28541, 8.01647]
[4.875823, 5.778654]
[4.556619, 7.142531]
[3.432175, 7.186119]
[3.372151, 9.135339]
[3.151528, 10.057513]
[2.999193, 7.130417]
[3.436502, 9.479412]
[3.536986, 8.065574]
[2.712349, 7.979151]
[3.13609, 8.801214]
[4.106596, 7.851147]
[3.901034, 7.045717]
[3.2253, 9.581549]
[3.056653, 7.536085]
[3.714232, 9.594653]
[4.788342, 7.908375]
[4.03524, 8.152154]
[3.206818, 9.339146]
[5.042382, 6.955637]
[4.144649, 8.925328]
[4.776274, 8.358587]
[3.817093, 6.841828]
[2.860399, 7.949906]
[3.213427, 8.871759]
[3.575088, 7.338313]
[3.955995, 5.91963]
[4.575169, 6.716047]
[3.219673, 9.221042]
[3.561872, 6.620948]
[4.736236, 7.418214]
[2.873336, 9.703932]
[2.822353, 9.205873]
[4.908687, 6.39498]
[3.084285, 9.741163]
[3.258327, 8.660671]
[4.260739, 8.979157]
[3.154736, 6.743244]
[2.779266, 9.817274]
[2.854291, 9.750799]
[4.605031, 6.939956]
[3.051421, 6.76002]
[3.363976, 9.243669]
[3.55277, 7.43571]
[4.62808, 6.138779]
[3.470599, 9.443047]
[3.693071, 7.403846]
[5.788102, 5.391983]
[2.978153, 7.486309]
[4.530726, 6.695299]
[5.056925, 5.61119]
[3.65997, 7.63304]
[3.841034, 8.12369]
[4.14466, 6.782835]
[3.449028, 6.974415]
[4.224738, 7.511068]
[2.784069, 7.454181]
[2.888535, 8.941014]
[3.987722, 5.900285]
[5.361421, 5.713586]
[2.764669, 8.084918]
[3.174918, 9.39544]
[4.270627, 8.432667]
[3.756454, 6.241001]
[4.810222, 6.201883]
[4.181252, 5.797384]
[4.440009, 8.099114]
[3.957426, 9.040116]
[2.815542, 7.194988]
[2.690814, 8.883496]
[3.252255, 7.937243]
[4.160699, 9.297288]
[2.861261, 8.408382]
[2.866944, 7.143353]
[4.190402, 6.154024]
[3.026431, 8.199161]
[2.530788, 8.254285]
[3.71645, 7.269865]
[3.544159, 9.030493]
[5.082348, 5.956756]
[4.221655, 9.035337]
[3.583182, 7.966725]
[3.302916, 8.45439]
[3.942558, 7.579624]
[3.49162, 7.01771]
[3.185159, 7.260653]
[3.680145, 7.058862]
[2.640986, 9.436634]
[4.034939, 6.434837]
[2.936636, 9.408366]
[3.216683, 3.297822]
[1.256522, 6.295864]
[3.729745, 2.633808]
[2.940629, 4.107597]
[1.286666, 7.137681]
[2.350853, 4.60249]
[2.096, 4.080219]
[3.599511, 2.469658]
[1.082579, 7.804955]
[0.886894, 8.619631]
[2.956941, 4.027357]
[2.705217, 4.175982]
[3.472291, 3.647309]
[2.062247, 5.544756]
[2.24717, 4.406525]
[1.679449, 6.762223]
[2.274914, 4.562803]
[0.681682, 7.12602]
[1.666884, 4.539084]
[1.522444, 4.717865]
[2.400737, 4.291253]
[2.880304, 3.02509]
[4.150435, 2.461807]
[3.572236, 2.383862]
[0.679568, 7.769346]
[2.651403, 3.733281]
[0.578426, 7.179717]
[2.619763, 4.214642]
[1.169742, 7.799935]
[2.363768, 3.750781]
[1.790216, 4.531107]
[1.286164, 8.19182]
[2.676272, 3.1526]
[1.387127, 7.044001]
[1.589244, 6.995692]
[0.788938, 8.759583]
[3.34912, 2.979342]
[0.564526, 7.816943]
[1.079598, 7.431397]
[1.968057, 5.298608]
[0.999786, 5.868851]
[2.24632, 4.963968]
[3.633862, 2.528265]
[0.617335, 8.281339]
[4.478298, 1.771522]
[0.538638, 8.066237]
[1.472203, 4.813651]
[1.687939, 5.183038]
[3.659454, 3.281371]
[4.475554, 1.938294]
[4.32263, 1.667649]
[1.781263, 6.40099]
[1.242834, 8.834098]
[2.607206, 3.433607]
[0.810879, 7.709982]
[1.093118, 7.325967]
[1.306197, 8.844544]
[2.165189, 5.075678]
[4.15073, 1.845331]
[3.299052, 3.515728]
[4.86791, 2.124987]
[1.04201, 6.551552]
[1.245009, 7.740561]
[1.277738, 8.65168]
[3.249657, 3.850282]
[0.990285, 8.017224]
[2.539422, 3.468503]
[0.818703, 6.349741]
[1.20676, 7.895366]
[1.298992, 5.954162]
[1.123227, 8.238921]
[1.355408, 8.895382]
[3.699402, 2.790881]
[1.824353, 5.430913]
[2.286742, 5.095752]
[0.539779, 8.945471]
[0.503717, 8.965932]
[1.169397, 6.366488]
[1.374665, 8.741666]
[1.24341, 5.517284]
[3.163472, 2.756242]
[2.185196, 4.211771]
[1.862509, 6.000213]
[3.831266, 2.809363]
[0.574489, 7.755969]
[1.131292, 6.106991]
[2.443003, 4.084508]
[1.151397, 8.310033]
[0.396852, 8.672235]
[1.678373, 6.61236]
[2.269817, 3.742584]
[3.439742, 3.594306]
[1.643135, 4.988125]
[2.322526, 4.997113]
[1.51868, 6.357353]
[4.649401, 2.053828]
[1.328443, 8.2082]
[0.901474, 6.606325]
[4.81987, 2.372134]
[4.262592, 1.871774]
[2.383378, 3.423273]
[0.581008, 7.700696]
[1.692714, 5.281113]
[2.573094, 3.36954]
[1.430077, 8.063534]
[1.115615, 6.857906]
[2.148268, 4.109615]
[2.930009, 3.181504]
[0.750897, 7.462704]
[0.979916, 8.019915]
[0.598379, 7.407761]
[2.589519, 3.185948]
[2.667467, 3.582028]
[3.91411, 2.65158]
[2.251157, 3.758539]
[1.16423, 8.041499]
[1.701756, 5.774925]
[2.683214, 3.532645]
[3.540458, 3.284254]
[4.097072, 2.022579]
[2.043738, 5.424609]
[1.590106, 4.970935]
[2.8745, 4.200806]
[3.580659, 2.858089]
[0.401988, 8.519814]
[2.983281, 3.98278]
[4.894689, 2.298702]
[4.095788, 2.61964]
[3.71236, 3.06348]
[1.33042, 5.607824]
[2.182405, 4.939054]
[2.699969, 3.930824]
[3.771158, 3.037663]
[0.908181, 7.282489]
[0.570828, 7.275691]
[2.715348, 3.283974]
[0.894823, 6.863114]
[3.962324, 2.970814]
[2.189716, 4.77252]
[1.90998, 5.039821]
[3.870468, 2.384774]
[0.7962, 8.147457]
[3.193717, 3.153487]
[1.041425, 7.216339]
[2.332924, 3.842803]
[4.980586, 2.245283]
[1.040051, 6.73584]
[4.032011, 2.283442]
[3.861339, 2.327076]
[0.879261, 7.907155]
[3.88516, 2.405163]
[3.338258, 3.709609]
[0.727906, 7.626746]
[2.849998, 3.214025]
[2.297062, 3.599648]
[2.359167, 3.620094]
[3.297638, 2.467921]
[3.267867, 3.869805]
[1.64608, 6.902263]
[0.721904, 7.804333]
[1.965806, 5.59565]
[1.809912, 6.295252]
[1.555752, 6.410138]
[0.978847, 7.459719]
[-1.396296, 3.718521]
[-1.940153, 9.309835]
[-1.401867, 4.449894]
[-1.889811, 4.735645]
[-2.214538, 8.969425]
[-0.346731, 1.887155]
[-1.861518, 5.101958]
[-0.674166, 1.901515]
[-1.821983, 10.870878]
[-2.304662, 8.300036]
[0.124085, 0.782812]
[-0.266452, 1.354697]
[-1.121142, 3.292355]
[-1.879293, 5.936859]
[-2.247051, 10.166607]
[-0.313421, 1.621658]
[-2.452084, 7.094422]
[-2.435104, 7.262164]
[-1.954318, 11.345336]
[-0.655881, 2.155716]
[-2.101459, 9.506976]
[1.110452, -0.000356]
[-1.885693, 10.767299]
[-2.004934, 9.878762]
[-2.169502, 10.392211]
[-1.649443, 11.738755]
[-2.00383, 6.260455]
[-2.034194, 9.790837]
[-2.263094, 6.661583]
[1.436244, -0.407259]
[1.400587, 0.135368]
[-1.006018, 3.21627]
[-2.21142, 7.104985]
[0.173183, 0.959225]
[-1.112707, 3.349071]
[-2.065954, 5.255924]
[-1.744404, 4.207237]
[1.798392, -0.414473]
[-1.92731, 11.411745]
[0.967402, 0.513523]
[-1.294229, 3.052562]
[-1.85816, 5.748612]
[-2.284493, 6.687221]
[-1.411171, 3.551782]
[-2.309116, 6.620767]
[-2.373873, 9.239756]
[1.682424, -0.642991]
[-2.161311, 5.500039]
[-1.417189, 3.89244]
[2.079407, -0.499524]
[1.150954, 0.219447]
[-1.505626, 4.623352]
[-1.700529, 4.320333]
[-1.837515, 5.41871]
[0.161158, 0.918868]
[-1.533068, 3.492557]
[-2.320331, 6.584762]
[1.116535, 0.426234]
[-2.182793, 7.38882]
[1.778666, -0.698743]
[-1.454332, 4.495048]
[1.884584, -0.544098]
[-2.290332, 8.479762]
[-1.099799, 3.170325]
[-1.362297, 3.506456]
[-0.851645, 2.911735]
[1.255066, 0.239652]
[0.559191, 0.582757]
[0.986868, -0.042724]
[-2.086758, 6.803148]
[-1.481295, 3.43756]
[0.569388, 0.853723]
[-1.858812, 4.559105]
[-1.871899, 10.764923]
[-2.06489, 8.11803]
[-2.313057, 6.508648]
[-0.194717, 1.318356]
[-1.313829, 3.034521]
[-1.352484, 3.151879]
[-0.278046, 1.385649]
[-1.937206, 5.102704]
[1.543387, -0.503157]
[1.389973, 0.01408]
[-1.93546, 4.562344]
[-1.850603, 10.772046]
[0.839934, 0.306909]
[-1.018301, 2.680169]
[-1.975303, 9.341146]
[-0.182467, 1.359697]
[1.285867, -0.083041]
[0.495299, 0.491908]
[2.016053, -0.490079]
[-0.922573, 3.026018]
[-2.395159, 7.38354]
[-1.866588, 5.085763]
[-1.855865, 10.114067]
[-1.994137, 5.64998]
[-1.89031, 10.528305]
[-2.459706, 8.44417]
[-1.955482, 6.820816]
[0.774407, 0.22822]
[-2.408652, 8.477806]
[-0.674749, 2.062052]
[-2.240901, 10.208447]
[-2.042186, 10.747807]
[-2.170528, 10.134473]




[13.354521, 11.016747]
[13.913707, 10.315791]
[12.681108, 11.528973]
[10.922353, 11.489424]
[11.62539, 11.104558]
[13.787551, 10.176782]
[11.876453, 11.045372]
[13.306554, 10.082577]
[12.685212, 10.275229]
[13.319366, 11.378881]
[14.452888, 10.178671]
[11.554307, 11.501471]
[13.594284, 11.398085]
[12.139363, 10.899022]
[12.060565, 11.514025]
[13.748555, 10.227921]
[14.182929, 10.530591]
[11.482271, 11.082863]
[12.485631, 11.367351]
[10.831849, 11.264127]
[14.15622, 10.033571]
[14.114885, 10.555354]
[13.436711, 10.727618]
[12.825523, 10.644404]
[11.98294, 10.556114]
[14.385678, 10.491702]
[11.762921, 11.031745]
[12.28452, 10.193484]
[11.554902, 11.187994]
[13.193009, 11.373789]
[13.305005, 11.467238]
[13.84769, 10.193404]
[13.003063, 9.619385]
[11.579651, 11.704325]
[13.288433, 10.028436]
[13.38402, 9.75081]
[13.447156, 10.966589]
[13.59592, 10.415032]
[13.677681, 10.89915]
[13.649714, 10.056131]
[14.187312, 10.724715]
[11.992822, 11.684587]
[13.086197, 10.619302]
[13.828202, 10.038633]
[13.36089, 11.330068]
[14.588426, 10.584521]
[13.035631, 11.404259]
[11.577607, 11.186471]
[14.297064, 10.779919]
[14.647919, 10.611233]
[11.448938, 10.878409]
[14.118056, 11.189731]
[12.664817, 9.984973]
[13.058222, 11.405334]
[13.894728, 10.70531]
[13.690918, 10.004251]
[11.633049, 11.387964]
[14.150381, 10.906425]
[13.582104, 10.76981]
[11.957176, 10.552773]
[13.818675, 10.39167]
[11.006557, 11.326061]
[12.225299, 10.158833]
[12.621606, 11.065936]
[11.592944, 10.720355]
[11.541749, 10.60111]
[12.437444, 10.137172]
[12.332544, 10.971288]
[12.874347, 10.826388]
[14.63405, 10.312605]
[12.359719, 10.457532]
[13.071551, 9.641615]
[10.595237738, 13.8934783964]
[14.7772644658, 13.3678224918]
[15.1953244703, 13.3209553904]
[10.7524477425, 13.7004809464]
[14.5025526714, 13.9889663964]
[14.942198135, 13.4167819412]
[11.3074676634, 14.0686512152]
[16.2518645311, 13.2207973807]
[12.0991247292, 13.2603979505]
[10.6137892585, 14.0598333851]
[9.7388543445, 14.0106988813]
[15.662250387, 14.1662243424]
[9.5668264735, 13.941700293]
[11.106246561, 13.6299223484]
[16.4512900144, 13.3532346522]
[16.1078309305, 13.9587082197]
[15.5196851331, 13.7011870158]
[13.456220214, 13.3440127078]
[14.4533274902, 13.3089322516]
[9.6563374305, 13.6506529481]
[11.2855577138, 13.2980868188]
[16.1076363442, 14.135820742]
[12.609077405, 14.015019513]
[9.6231507491, 13.2070580055]
[11.6300560436, 13.2681185119]
[16.3714048769, 13.9613189227]
[15.6363624537, 14.0121028414]
[9.9216202532, 13.895155873]
[14.9672733936, 13.4633483896]
[12.195467199, 14.0553147467]
[11.9352023785, 13.2695025928]
[16.2530940864, 13.9407387418]
[11.226028183, 13.507995768]
[10.3912186911, 13.9205574012]
[9.5230778439, 13.9902161218]
[15.6519825526, 13.3811292612]
[15.6392835164, 13.8612731314]
[12.2111168967, 13.9604323409]
[16.2688762385, 14.0132680687]
[11.2837009227, 13.602205846]
[14.4097489747, 14.0952855081]
[15.8982924595, 13.7818502449]
[11.466319999, 14.1458552366]
[13.8407541721, 13.9955322573]
[11.3979494071, 13.4280056463]
[9.6842024536, 13.6403600092]
[14.2434771215, 13.3683774868]
[9.8942597324, 13.5926091848]
[14.2626414017, 13.9441071246]
[12.0426289954, 13.7048115444]
[9.8598601006, 13.2015700334]
[15.2442890226, 13.3730688645]
[12.2902697448, 13.7772393516]
[13.7445509543, 13.9793297621]
[16.325715184, 14.1653246126]
[14.4521504433, 13.3310057149]
[14.1344049829, 13.2777943842]
[14.9470382887, 13.2352051796]
[15.3223140643, 13.6340696833]
[12.2129488378, 13.273317538]
[10.7515126709, 13.6591347689]
[9.6309277869, 13.4993519662]
[10.895340719, 13.4741467028]
[11.8301772492, 13.6230408608]
[11.2660804854, 13.8941766224]
[11.9923234913, 13.4044580309]
[10.7318731907, 13.8042734771]
[10.1913045226, 13.8087335008]
[14.7621512662, 13.239965573]
[10.6604288053, 13.6059493234]
[12.2177521477, 13.3020403123]
[11.6153301387, 13.5918742698]
[9.8862767473, 13.6255918139]
[12.5774079461, 13.7546133718]
[10.1220146443, 13.5414830882]
[11.7854921927, 13.3376768304]
[13.7411782553, 13.9464805366]
[14.8872508612, 13.7811699384]
[12.3563844196, 14.1132184722]
[10.9510098202, 13.3533392153]
[10.3930771784, 13.9308842291]
[12.5375074914, 13.5374504501]
[9.6087729123, 13.7964951452]
[12.1761347593, 13.493571041]
[10.8197715979, 13.7790809109]
[16.4603612707, 14.0604681226]
[9.6962052118, 13.7733618473]
[14.9099805686, 13.7055426024]
[14.3796896583, 13.7419334755]
[15.2340081134, 13.8234680926]
[10.4892374557, 13.4356249336]
[14.5391139786, 13.8636478575]
[15.6745731686, 13.5944717445]
[12.4399017883, 13.8113583567]
[11.4788985529, 13.6883534051]
[10.4235782309, 14.1390974382]
[15.2624413932, 13.4243634397]
[12.3591181817, 13.8398507031]
[9.6826354282, 13.6200731958]
[12.7134236204, 13.7854102327]
[14.2670815305, 14.1101313639]
[12.5008426516, 14.0979087879]
[16.1277049936, 13.9156003357]
[15.1924873905, 13.9549117741]
[16.3991085966, 14.0607968993]
[16.1047115335, 13.9947278917]
[10.0308241339, 13.7486558061]
[13.2156038913, 13.533364527]
[14.3397902593, 13.2381679032]
[12.3260601007, 14.1192431564]
[15.4463370105, 13.7637247954]
[14.9135483308, 13.593452202]
[15.9917097064, 13.4384626612]
[14.7995432618, 14.0412982391]
[9.7766190297, 13.6603447183]
[10.9279071891, 13.885846939]
[14.3268818853, 13.2428949147]
[10.4822020922, 14.1348500967]
[16.0664820028, 13.3318928101]
[12.031571283, 13.8439687153]
[15.6793159032, 14.125438602]
[9.5666019453, 13.4635221311]
[9.701160857, 14.0503658194]
[15.6472850479, 14.1320538284]
[13.0374774069, 13.2715700076]
[10.9407750748, 13.7550318109]
[10.0854085055, 14.064949903]
[10.9472099766, 13.4250086425]
[14.3146567089, 13.653243287]
[10.7729317404, 14.0717360962]
[14.6052797374, 13.5078324161]
[12.4398142137, 14.1445054599]
[13.89859391, 13.5441567577]
[13.6245573927, 13.8446087686]
[9.69798442, 14.0349168764]
[12.6989584351, 13.5454113812]
[13.8638475114, 13.3739227988]
[10.0187048754, 13.8834536858]
[9.9099769157, 13.6389251524]
[10.5308767955, 13.922193053]
[12.9583921654, 14.1290946242]
[16.4034942989, 13.8782110636]
[15.6705963449, 13.7148504442]
[13.152393603, 14.1666657529]
[13.6420247811, 13.6944102275]
[9.6015691825, 13.4486181345]
[14.0490945869, 13.9709269805]
[12.3837942374, 13.2976506383]
[11.1678851303, 14.0989174864]
[13.2691921764, 13.212668252]
[13.9914330337, 13.5005937797]
[11.3350766886, 13.6999763528]
[14.363953606, 14.1913224299]
[15.2268712034, 14.0173214935]
[9.9373320895, 13.2036856644]
[10.0699740699, 13.6589029786]
[10.2254864776, 13.8692372982]
[10.4585992771, 13.3787633477]
[12.4089980719, 13.5335871799]
[14.9009288524, 13.2675483616]
[11.4779834738, 14.0726224191]
[10.3379097849, 13.4815406672]
[9.8860013774, 13.9232272397]
[16.2877303383, 13.3864417042]
[15.2701694944, 13.2122476628]
[9.7763507948, 13.2392651754]
[12.835000454, 13.3354723703]
[12.4227594971, 13.2913430662]
[10.0742464114, 13.9261086723]
[13.0185591835, 14.0682003431]
[13.7818562856, 13.2647507289]
[13.4083969085, 14.1745485876]
[12.1823937234, 14.0280959271]
[14.1694917181, 14.0883079696]
[16.3060038127, 13.7976595145]
[9.9524041507, 13.4775863432]
[14.0854384108, 13.8894451915]
[13.9726085428, 14.1647002604]
[11.6542998292, 13.8522026139]
[16.1171690256, 13.9210113101]
[11.052775671, 14.1673176354]
[9.6225926441, 13.3663909063]
[9.665485058, 13.8781135926]
[15.3941177325, 13.7791537557]
[15.3941727132, 13.9904707999]
[10.7005373363, 14.0737632181]
[16.030733675, 14.140179043]
[14.6732835525, 13.8322502203]
[11.0684259697, 13.7203692131]
[11.0176707297, 13.9613015976]
[13.2780905706, 13.6791274851]
[12.7398616371, 13.3716817173]
[11.5979366752, 13.9565577091]
[13.7263831701, 13.3847805255]
[12.4803289443, 13.5776801231]
[9.9527447643, 13.5750397428]
[14.0168121394, 13.2019554002]
[15.3427374484, 13.2033023299]
[11.8724781445, 13.4951848826]
[15.1550020431, 13.6855179221]
[11.9220696343, 14.0208242317]
[16.4382060624, 13.651520988]
[11.2071769969, 13.9342445864]
[14.5921017274, 14.1835175555]
[13.4231332799, 13.8003320212]
[10.8638775027, 13.4374674757]
[14.9965481083, 13.5441565523]
[11.1916787431, 13.6784229419]
[16.2920788252, 13.3656257161]
[11.2330829885, 13.8119393094]
[10.274652167, 13.9857497805]
[10.4453228235, 13.3719834097]
[11.3704200899, 13.9277916856]
[10.8270874775, 13.4101511289]
[14.9028224919, 13.3558610818]
[9.5528183207, 13.3989422992]
[11.8314655118, 13.7423566152]
[14.9202255958, 13.7320393799]
[15.4578829948, 13.86628854]
[12.6298317821, 13.7306061986]
[10.4554390323, 14.0719468599]
[11.870117682, 13.4017630343]
[10.1759757914, 13.5618617079]
[12.2422806618, 13.656084365]
[15.8106027178, 13.9397981519]
[12.7296046475, 14.0926275778]
[12.8136832572, 13.3513770667]
[13.7177421441, 13.7952028651]
[10.7277649224, 13.2136815063]
[16.275007331, 14.126864495]
[11.7013690467, 13.769679532]
[14.133365063, 13.8969688726]
[16.207963533, 14.170537374]
[13.8391679442, 13.5944330136]
[12.3452368563, 13.8534807279]
[13.0607431077, 13.2453833521]
[15.5325757209, 13.2733914091]
[10.7051609328, 13.6521706973]
[14.3415712966, 13.6929303378]
[15.4337737919, 14.0115397007]
[13.275357153, 13.6216703696]
[14.9548795107, 13.6641492534]
[15.4734796197, 13.4685803086]
[14.0647136802, 13.7537524035]
[16.3453393411, 14.0975120373]
[12.8305204932, 14.0686218129]
[13.7477619641, 14.1544939524]
[11.2093510623, 13.8915075923]
[12.1868939893, 14.1057859059]
[12.8109056077, 14.1462835584]
[15.4605406451, 13.4754542632]
[12.0199886409, 13.7350369455]
[16.1468764266, 13.6304814618]
[15.5270774874, 13.8427074517]
[15.2635795837, 13.7732943674]
[15.8584913632, 13.4946384544]
[11.9111956039, 13.4694842552]
[10.8375571123, 13.8609005828]
[12.8150945625, 13.7933238547]
[13.6837280232, 14.1188955368]
[9.6277990192, 13.6525524953]
[15.1136941982, 14.0120667618]
[11.4658590846, 13.8967872039]
[16.0785120369, 13.4196679246]
[12.2304911674, 14.1170821561]
[12.9568187564, 13.3361648503]
[12.6321117636, 13.7923742235]
[10.5845080107, 13.6091439859]
[15.0881894829, 13.3718809314]
[10.3813856568, 13.2478321512]
[16.3565206158, 13.4884021392]
[10.8220612754, 13.5229076935]
[15.7637059868, 13.6051507853]
[13.8777022723, 14.1684185314]
[15.8537239027, 13.6102533192]
[14.7307042894, 13.6219908279]
[10.9940379055, 13.4648603297]
[12.7896986003, 14.0899574371]
[9.6664010927, 13.5250490655]
[13.2603952053, 13.2359370164]
[9.5014718715, 13.5099303227]
[15.9037153623, 13.3191673926]
[15.8696098169, 13.828645448]
[15.6252680742, 13.3230524168]
[14.7522802583, 13.2341833434]
[13.7121148563, 13.8017494705]
[15.340524941, 13.578554719]
[10.4049066643, 13.7999918345]
[15.2752424011, 13.4618260472]
[11.1258891779, 13.511649272]
[13.7779789299, 13.5110783051]
[16.3662733107, 14.1021525921]
[9.7379283719, 13.6575733219]
[15.3558290622, 14.1605523287]
[15.5378499061, 13.2744402907]
[11.5998998911, 13.3915479074]
[11.7191499558, 14.1305875858]
[11.7185666265, 13.3269688604]
[13.6017082331, 13.3525246424]
[11.1855825419, 13.8946950487]
[13.1255818862, 13.726887065]
[14.2682513278, 14.0654311562]
[11.7229239373, 14.0945809503]
[12.2126806427, 13.6638345141]
[11.4444697562, 13.970924204]
[12.0587203172, 13.3240737988]
[10.7543737891, 14.031858403]
[13.3323712773, 13.5562813869]
[14.6749378983, 13.4791707683]
[11.656624163, 13.7812427928]
[10.0156275979, 13.8306402087]
[16.0272292884, 13.3142621681]
[10.7784589822, 13.8935279153]
[16.3866609163, 13.5550896943]
[14.6767287981, 14.0134938548]
[15.8079185374, 13.350867631]
[13.6976411256, 13.7357568893]
[13.7368859826, 13.3291599188]
[15.524562533, 13.8293073029]
[12.8371378661, 13.484527692]
[15.904917436, 13.2960676423]
[13.548199164, 13.2472921757]
[11.9590268619, 14.1014247518]
[16.4968335342, 13.282775458]
[11.9305980301, 14.1023066314]
[12.111774459, 13.3382815992]
[11.5626841076, 13.6315965355]
[14.8449728435, 14.0767022779]
[13.6115615743, 13.870595306]
[16.3608182939, 13.3779352333]
[16.2969028605, 13.6297569497]
[11.1811011827, 13.5513991775]
[13.4146402441, 13.7250672398]
[11.6811703348, 14.1858550627]
[13.8646621997, 13.5999749133]
[15.1891755378, 13.683768526]
[14.0688192481, 14.0673953686]
[15.2658831303, 14.1257145433]
[11.5414590668, 13.5799230787]
[13.0317276169, 13.7078121179]
[9.551067584, 13.7235603387]
[12.2568672609, 13.8491511727]
[11.9618233852, 14.1245281615]
[10.5737046511, 13.9061449867]
[12.3494460555, 13.3062934936]
[11.1916668094, 13.8524077081]
[10.829605032, 13.9813990968]
[10.3820670967, 13.7064320227]
[16.3830684552, 13.5488393528]
[10.2778109903, 13.5192525557]
[13.0920484506, 13.5211399105]
[15.3307064548, 13.717132903]
[14.3596617091, 13.6913809227]
[15.3220421528, 13.7701547221]
[14.6191601714, 14.0085312652]
[9.8962805942, 14.0925031053]
[11.4848582398, 13.2317975516]
[10.6523160918, 13.7625312363]
[16.2480725925, 13.4137891918]
[15.2441996012, 13.6986757506]
[11.0380703616, 13.6958183945]
[14.7568568755, 13.5659307517]
[9.6600256236, 13.5518064523]
[15.2674849397, 13.2548811669]
[11.0539746485, 14.116835312]
[13.717466404, 14.1885449335]
[12.6051186263, 13.8053856497]
[15.8074179825, 13.7149419634]
[12.6152712172, 13.3761459925]
[16.1027507212, 13.757697925]
[12.1049023941, 13.8354707936]
[13.7008840865, 13.7402173877]
[11.5448719035, 13.9672182629]
[15.0856950341, 13.8400146689]
[14.7349040178, 13.8734768706]
[15.1433713005, 13.8589946204]
[10.3995895351, 13.4011869273]
[15.9293626801, 13.2498165942]
[15.0019408057, 13.2836010447]
[16.1864902379, 14.0455473736]
[10.4638542014, 13.6011159206]
[11.1595984697, 13.4618467994]
[15.2846516857, 14.0304841167]
[14.7908885258, 13.4679768309]
[10.3547220549, 14.0662015684]
[14.3623555962, 13.4606756629]
[14.6691707859, 13.3546650054]
[11.2954605478, 13.3349164497]
[15.4730887485, 13.4280016602]
[14.720430824, 13.5148396804]
[10.2920804149, 13.4897152747]
[15.905732312, 13.828016324]
[14.1809861243, 14.155514522]
[10.416570602, 14.1817277691]
[13.9996238113, 13.2865879199]
[14.6863132294, 13.4121019398]
[14.5445670455, 13.4372993254]
[10.8562452218, 13.3165390168]
[13.9926298235, 13.2592072788]
[10.9958083075, 13.8981690642]
[9.9695174252, 13.8221565686]
[10.0082195983, 13.4956916322]
[14.9769187183, 13.9310244271]
[13.4250781911, 14.1114615265]
[15.080512146, 13.3734049467]
[13.5155013457, 13.2900284285]
[11.089798087, 13.8745621446]
[14.8265003187, 13.3083381611]
[13.7220775117, 13.9978927833]
[15.6936122568, 14.0041185234]
[14.9167779295, 13.2297116823]
[14.70779465, 13.7319333163]
[10.6087208868, 13.6371607027]
[12.8365924952, 13.547929694]
[12.8545845661, 13.7010669702]
[11.395335072, 13.3403511181]
[10.7804402215, 13.2901046349]
[11.5074950641, 13.4451904707]
[11.9055572406, 13.817969173]
[15.6311385699, 13.2364711052]
[9.724364039, 13.2328735183]
[13.3705108478, 13.7191836727]
[14.8471478787, 13.2543455472]
[14.4747845668, 13.8686004777]
[13.5994759107, 14.0650462767]
[13.4509959207, 13.9929612163]
[13.2313356162, 13.2426430262]
[12.2187093087, 13.9353280103]
[14.0569332493, 14.1623376138]
[11.4103720987, 13.9315698653]
[14.3320482662, 13.307568715]
[15.3211848468, 13.9955070764]
[10.502998603, 13.9449343016]
[12.8093216692, 13.4709654754]
[11.0261681748, 13.5777363442]
[15.8601460119, 13.3314562177]
[10.8473545234, 13.7032237505]
[11.6162018697, 13.7303944952]
[14.5193967181, 13.7199388787]
[14.5197973652, 13.9560031468]
[12.1038766229, 13.355400737]
[14.3720019506, 14.0164898613]
[14.3051434539, 13.2258642102]
[13.1742178691, 14.1367948668]
[10.8488437373, 13.5448755424]
[10.7731353471, 14.1467466972]
[14.1143787908, 13.3433627289]
[12.2939947234, 14.0624758215]
[12.7080801071, 13.6712618962]
[9.6089699683, 13.4496894284]
[11.4083699123, 14.1058770579]
[14.3625897141, 13.2787796902]
[13.7246970073, 14.1644002242]
[10.2501905081, 13.999793402]
[11.7310934965, 13.3441298318]
[10.7077608379, 13.6347780682]
[12.5809275804, 14.066954759]
[15.0893396004, 13.7547261797]
[14.3710780027, 13.2960386845]
[11.0786223873, 13.9774302613]
[16.1047560161, 13.224976257]
[11.1774816476, 13.8002718534]
[16.456919492, 14.0406656727]
[11.2626747161, 13.848257924]
[14.8009090186, 13.6970899932]
[11.0104444483, 13.9113893032]
[11.3888685585, 13.2524360409]
[15.9908711778, 13.9484671064]
[14.1517160139, 13.2644189368]
[9.7524090474, 13.9842338355]
[15.0781461545, 13.4215402119]
[15.8011042618, 13.5478594678]
[14.062348071, 13.6384150659]
[11.5471240534, 13.8950535954]
[12.5741007894, 13.579902126]
[14.9882496216, 13.6621033247]
[12.5037732876, 13.3792809209]
[10.9556565701, 13.2460368565]
[9.8397477646, 13.5859270376]
[10.221536756, 13.5741227495]
[10.7192428757, 13.9847637865]
[12.0694648703, 13.8502840873]
[13.8127458643, 13.3583395968]
[15.7915280901, 13.8547175325]
[12.4771272738, 13.9427583076]
[10.3033891472, 13.4503749589]
[10.2978989196, 14.0796670628]
[15.8504091224, 13.4890321149]
[16.1760867108, 13.2391110866]
[13.7427568312, 13.9609427569]
[10.4396206897, 13.6489158199]
[15.7365891368, 14.0035408054]
[16.3285189848, 13.2242446805]
[9.8681090097, 14.0550532144]
[9.6557787901, 13.5255767892]
[14.3632084092, 14.1754815609]
[11.9505146628, 13.5907320099]
[11.1298442248, 13.3142752117]
[12.854766604, 14.0266980092]
[16.3448383485, 13.4686591609]
[17.895868, 13.982149]
[17.639576, 14.2743]
[15.376514, 16.778606]
[10.800322, 18.71188]
[9.376242, 18.841211]
[12.643703, 18.110945]
[17.582493, 14.482203]
[18.848433, 12.161957]
[15.618328, 16.434258]
[17.831665, 13.841904]
[15.994385, 16.458883]
[18.180214, 13.42378]
[10.320408, 19.070026]
[11.754894, 18.634232]
[19.014435, 12.585692]
[17.273232, 14.868808]
[12.564975, 18.315956]
[12.056678, 18.638502]
[16.37648, 16.177746]
[13.813782, 18.032581]
[16.409246, 15.823026]
[10.873696, 18.826614]
[13.218387, 18.016987]
[14.76141, 17.170761]
[14.722643, 17.155119]
[18.289774, 13.616166]
[15.333229, 16.521027]
[10.893077, 18.772499]
[18.806202, 12.229015]
[17.260139, 15.17906]
[18.437138, 13.24812]
[18.899342, 12.427647]
[15.326176, 16.725872]
[18.070829, 13.926418]
[14.297577, 17.50116]
[16.962162, 15.407747]
[12.553133, 18.191589]
[18.806549, 12.878698]
[12.22205, 18.350611]
[15.806028, 16.277283]
[15.045429, 17.021917]
[16.804945, 15.33804]
[18.955862, 11.813676]
[16.426016, 15.922208]
[14.81196, 17.015301]
[17.300278, 15.306683]
[14.161751, 17.575504]
[15.47579, 16.659716]
[14.706139, 17.327663]
[12.329989, 18.653229]
[12.580687, 18.127836]
[14.397736, 17.642124]
[11.262362, 18.753626]
[15.309732, 16.957359]
[16.73745, 15.203031]
[10.068581, 18.930939]
[13.098853, 18.012241]
[14.281084, 17.585735]
[13.217735, 18.174549]
[10.529, 18.823919]
[9.85247, 18.967052]
[14.164759, 17.289612]
[11.809155, 18.545586]
[16.96652, 15.499792]
[13.141164, 18.104595]
[11.942423, 18.596264]
[11.01403, 18.674456]
[15.562134, 16.505667]
[17.236921, 15.289148]
[18.381336, 13.389021]
[10.003773, 18.902327]
[17.011038, 15.455544]
[15.470352, 16.97126]
[13.948523, 17.666149]
[18.488857, 13.040726]
[17.045139, 15.104522]
[16.129139, 16.368414]
[18.67215, 13.061634]
[13.047857, 17.953159]
[12.157598, 18.576595]
[15.377729, 16.853065]
[12.614654, 18.391397]
[18.580267, 13.190407]
[17.015453, 15.240624]
[14.608624, 17.401014]
[10.148844, 19.108955]
[17.73843, 14.657722]
[9.81646, 18.802979]
[10.067214, 18.874306]
[17.853344, 14.015823]
[15.747845, 16.279419]
[19.33787, 15.65895]
[19.29799, 15.54536]
[19.26022, 15.43085]
[19.22457, 15.31546]
[19.19106, 15.19924]
[19.15972, 15.08222]
[19.13056, 14.964448]
[19.10359, 14.845959]
[19.07884, 14.726795]
[19.05633, 14.606999]
[19.03605, 14.486611]
[19.01804, 14.365675]
[19.0023, 14.244232]
[18.98885, 14.122326]




[8.809783, 7.611147]
[8.663637, 9.113787]
[6.34256, 8.522129]
[5.638808, 6.462198]
[7.227411, 8.536152]
[8.959066, 9.002758]
[7.697727, 6.621125]
[5.040287, 8.038429]
[7.053254, 8.030483]
[6.402681, 10.223146]
[7.122527, 8.46473]
[7.271412, 7.036915]
[6.868124, 6.571746]
[7.356935, 10.243612]
[6.17442, 10.448582]
[7.817797, 8.338799]
[8.009822, 10.74096]
[8.024825, 8.863487]
[5.632573, 6.767617]
[7.137982, 6.728472]
[8.945217, 8.180662]
[6.545098, 9.127085]
[8.523859, 7.131622]
[7.548685, 9.802669]
[7.90511, 10.747605]
[7.174712, 5.758117]
[8.528386, 8.53793]
[6.345714, 9.618766]
[7.678096, 6.858757]
[7.35131, 10.731793]
[8.574906, 8.69038]
[7.123591, 9.761013]
[7.477617, 9.28466]
[7.006003, 6.89464]
[5.93963, 7.930589]
[6.600897, 9.293019]
[8.847998, 9.080009]
[8.806343, 9.567356]
[5.506101, 7.086634]
[7.939039, 7.819224]
[8.596002, 9.927725]
[8.498158, 6.867354]
[7.904163, 8.741033]
[8.227767, 7.990697]
[4.852698, 9.200387]
[6.258385, 9.853328]
[6.064728, 6.02091]
[8.966928, 8.95958]
[5.99698, 8.140191]
[5.765582, 6.277915]
[5.05527, 7.771155]
[7.397968, 10.01612]
[8.881543, 8.929928]
[5.512438, 8.852768]
[6.762054, 5.852462]
[5.296388, 9.344788]
[8.448701, 8.235682]
[8.457545, 9.76995]
[5.679918, 7.108591]
[8.970916, 8.207761]
[5.822956, 10.262858]
[6.573121, 10.996548]
[6.758603, 5.539148]
[5.700652, 7.93153]
[7.913801, 8.355401]
[5.674201, 8.878779]
[6.06086, 5.709003]
[8.96862, 8.518632]
[7.421246, 6.847308]
[4.663209, 9.719093]
[6.28228, 8.124973]
[6.691284, 7.240727]
[7.372821, 8.778398]
[6.678122, 7.534221]
[6.991403, 9.077653]
[6.889547, 10.594419]
[6.681005, 8.611153]
[8.621731, 7.712634]
[6.36541, 8.164311]
[7.124462, 10.649853]
[7.110364, 8.260755]
[5.537975, 9.523525]
[7.983162, 8.839658]
[4.724927, 9.669781]
[6.572515, 10.259713]
[7.969617, 7.562449]
[7.607618, 6.666648]
[8.109071, 9.970017]
[8.042477, 6.88264]
[7.822474, 6.546626]
[5.651058, 6.766906]
[8.458709, 8.476794]
[8.433297, 8.544641]
[7.820359, 7.595647]
[6.899006, 8.665467]
[8.184998, 7.591568]
[7.043423, 8.719673]
[6.502131, 7.596409]
[5.576597, 7.132378]
[8.753391, 9.116248]
[5.460987, 7.936607]
[5.895761, 10.593678]
[6.893685, 8.211149]
[5.806569, 6.525175]
[6.026742, 6.024689]
[7.97951, 7.217355]
[6.913424, 10.765779]
[6.312438, 10.519171]
[7.454175, 7.406242]
[7.385276, 9.552184]
[8.680797, 9.463412]
[5.9747, 8.672677]
[6.642428, 7.317616]
[8.311406, 6.5861]
[7.287186, 6.331901]
[6.016357, 9.028687]
[7.743559, 10.390601]
[5.831235, 5.55958]
[8.872252, 8.898933]
[6.10352, 8.246751]
[4.954106, 9.908254]
[6.646035, 6.739489]
[5.920475, 6.604288]
[5.724899, 8.970111]
[5.885585, 5.415599]
[8.22673, 7.479321]
[7.24406, 5.701076]
[5.574624, 7.379963]
[8.280682, 8.250152]
[8.487013, 8.175124]
[6.651401, 6.659523]
[6.999162, 11.130198]
[6.30651, 7.337623]
[7.173433, 11.199362]
[7.047104, 8.580316]
[7.460619, 11.292218]
[5.060151, 8.929006]
[7.524086, 8.684107]
[7.08067, 11.201978]
[7.689779, 10.744524]
[6.018995, 9.116624]
[8.831628, 8.917957]
[8.24099, 6.948593]
[7.036663, 10.228909]
[7.662753, 6.804669]
[7.124938, 9.417156]
[5.864593, 7.867308]
[5.60042, 7.263125]
[6.983689, 9.505596]
[8.669825, 8.295095]
[8.980101, 8.675283]
[7.9355, 6.800221]
[8.127378, 6.797919]
[4.709888, 9.168803]
[5.98375, 7.193075]
[8.280581, 8.204739]
[7.951809, 10.770894]
[8.075982, 9.482988]
[8.507648, 9.755736]
[5.968301, 6.19764]
[5.901237, 7.697862]
[7.000704, 6.654234]
[6.219908, 5.360467]
[6.774967, 8.391189]
[7.185599, 10.338093]
[6.713146, 10.919148]
[5.241082, 8.441505]
[6.598055, 7.388759]
[6.966952, 6.772248]
[7.053522, 10.497375]
[6.887088, 10.175491]
[8.738984, 9.544344]
[8.307195, 9.68591]
[5.95905, 6.287099]
[8.535192, 8.054477]
[8.405982, 9.037682]
[5.955129, 5.861147]
[7.317351, 10.164385]
[7.590515, 9.311948]
[5.820744, 9.558478]
[8.01028, 10.242954]
[8.31285, 7.161392]
[7.1371, 9.770599]
[6.137914, 8.907056]
[7.595505, 7.500473]
[6.703361, 8.068429]
[6.628717, 9.448322]
[6.576751, 7.07501]
[6.350178, 5.549042]
[5.663028, 8.654685]
[8.9658, 8.587065]
[6.940419, 7.881721]
[7.997538, 8.485651]
[4.479793, 9.685237]
[6.075692, 6.272268]
[4.975562, 9.548008]
[8.330248, 10.173965]
[8.285093, 10.11803]
[7.166606, 8.058449]
[7.44639, 7.219483]
[6.903825, 8.486555]
[5.056663, 9.710769]
[6.852473, 10.742463]
[7.601559, 9.489763]
[8.972719, 8.516995]
[6.585843, 6.390128]
[5.72435, 5.934306]
[8.271013, 9.583238]
[8.995233, 8.552937]
[6.253803, 6.852003]
[6.818036, 6.262664]
[8.739165, 8.38988]
[6.532404, 6.700067]
[8.55313, 8.848253]
[7.175005, 7.279137]
[8.687049, 8.240664]
[5.690987, 8.519554]
[7.091054, 7.437949]
[5.397668, 6.991079]
[6.502425, 10.366648]
[7.749333, 9.292866]
[8.060523, 10.014355]
[8.482002, 9.149959]
[8.114186, 7.843533]
[6.047007, 6.964674]
[7.572984, 6.063416]
[7.115338, 11.088033]
[7.495184, 7.091638]
[6.439588, 6.997421]
[8.130667, 7.404831]
[6.776935, 8.730522]
[6.738494, 8.163124]
[8.694547, 9.01334]
[6.063388, 8.048612]
[6.933027, 9.8336]
[8.724665, 8.361342]
[5.788579, 7.526159]
[8.321296, 9.052032]
[7.335291, 9.138495]
[6.263305, 8.908468]
[7.60991, 8.633132]
[5.355001, 7.738725]
[5.792303, 9.964884]
[6.457221, 10.366341]
[5.926263, 8.145282]
[7.177978, 9.687636]
[8.782717, 8.009546]
[6.568847, 8.813485]
[8.013455, 9.045453]
[4.856588, 9.640009]
[6.742089, 5.99501]
[4.500541, 9.591276]
[7.90493, 10.436156]
[5.802567, 10.253683]
[7.032709, 10.035726]
[6.796896, 8.38433]
[7.315661, 9.871871]
[6.081033, 10.034191]
[5.120171, 7.886808]
[8.642057, 9.895741]
[7.624588, 9.609458]
[7.547094, 5.903574]
[7.561714, 6.498957]
[5.572039, 8.558749]
[5.359656, 8.898531]
[8.943087, 8.351469]
[5.972931, 7.537982]
[6.776774, 7.993526]
[7.92763, 10.868154]
[8.124846, 6.988325]
[5.330675, 7.03301]
[5.89719, 7.23744]
[5.529004, 9.789156]
[8.72135, 9.249069]
[7.539044, 11.218934]
[8.573203, 8.459427]
[4.655552, 9.116182]
[5.721986, 6.103138]
[5.451029, 9.655049]
[7.162684, 6.837426]
[8.821867, 8.343967]
[8.701482, 8.446791]
[8.572971, 7.615591]
[8.77466, 7.663022]
[5.941045, 8.100747]
[8.689203, 7.930233]
[4.816315, 8.632522]
[6.040546, 6.567276]
[6.076416, 8.800519]
[7.387504, 9.878985]
[8.395014, 8.584327]
[7.901698, 8.27353]
[5.915924, 6.473233]
[8.010096, 9.235093]
[8.113762, 9.805755]
[8.906678, 8.36598]
[7.047834, 7.001495]
[7.889127, 8.719205]
[8.564286, 9.64051]
[9.302266, 8.861015]
[9.190767, 8.635822]
[9.669546, 10.479175]
[11.349948, 6.555915]
[11.90309, 7.279613]
[11.786325, 7.443645]
[11.238563, 10.112326]
[9.376586, 8.064351]
[9.003772, 8.388904]
[11.647688, 8.366929]
[10.173479, 8.076015]
[9.107259, 9.317832]
[11.455599, 5.49669]
[10.037939, 7.574473]
[11.159588, 6.099215]
[11.739627, 7.48055]
[9.865995, 7.04674]
[9.488056, 9.499338]
[10.563122, 7.662337]
[9.235342, 8.277059]
[12.593637, 9.563616]
[9.990399, 7.475941]
[10.690714, 5.910972]
[9.443963, 7.981731]
[11.088643, 9.669616]
[10.509051, 10.985684]
[10.653543, 6.772159]
[9.886398, 7.383131]
[10.330361, 7.014029]
[11.597665, 9.102673]
[9.215837, 8.964931]
[10.659423, 6.883138]
[11.000541, 7.426921]
[10.208475, 6.622606]
[11.862019, 9.865209]
[11.209004, 8.839366]
[9.545351, 8.056005]
[10.061459, 8.271841]
[11.953165, 6.822955]
[10.796247, 9.252429]
[11.925966, 9.264407]
[9.923935, 8.43294]
[10.243764, 9.23058]
[11.915964, 6.866109]
[11.905886, 7.944267]
[10.705625, 6.716127]
[10.952518, 9.123736]
[10.854871, 7.105713]
[10.733872, 10.442392]
[9.769249, 6.559751]
[11.463186, 9.40981]
[9.209731, 8.614617]
[10.443752, 9.983639]
[12.177624, 8.918921]
[11.6481, 10.371973]
[10.395455, 8.101399]
[9.538918, 9.324792]
[10.534407, 6.855857]
[9.032386, 8.951305]
[10.568859, 10.14592]
[11.039977, 8.727893]
[11.11321, 8.163141]
[12.321731, 8.2783]
[11.544982, 10.532122]
[9.799263, 10.497828]
[10.367531, 9.596489]
[11.831923, 7.923853]
[12.23211, 7.685469]
[9.919575, 6.584701]
[11.083963, 8.935748]
[10.442237, 8.0468]
[11.38078, 10.369708]
[9.971004, 7.780204]
[10.078398, 6.738377]
[10.997972, 8.023078]
[9.256527, 8.384562]
[10.768537, 9.826799]
[10.256745, 9.817834]
[9.263867, 9.675109]
[9.142095, 8.792323]
[12.114291, 9.05619]
[9.361241, 8.399722]
[10.982247, 10.319362]
[10.058187, 10.388088]
[11.165146, 9.908106]
[10.137305, 10.695453]
[9.823752, 8.934781]
[9.187688, 8.318944]
[11.652688, 7.084298]
[10.090506, 7.413146]
[10.381018, 7.134471]
[9.564036, 6.884535]
[9.201223, 9.172544]
[10.932295, 10.9994]
[10.410347, 7.528344]
[12.228514, 7.679904]
[11.064774, 9.514376]
[10.433168, 6.784588]
[10.441883, 7.665823]
[11.417171, 7.538549]
[11.567045, 8.817093]
[10.359937, 10.254837]
[11.477478, 7.146463]
[9.479719, 7.581505]
[11.25642, 5.760038]
[9.724373, 8.703555]
[11.452172, 7.333899]
[9.358056, 8.694488]
[10.586005, 6.300031]
[10.358088, 7.110598]
[10.644365, 5.867697]
[12.182271, 9.330356]
[9.696012, 9.920654]
[9.263811, 9.431705]
[9.296032, 8.941912]
[10.17289, 6.528154]
[10.740586, 10.601437]
[10.768198, 6.874358]
[10.009943, 7.865461]
[11.093351, 6.827055]
[11.282228, 8.076616]
[11.190043, 8.00841]
[10.867283, 9.012514]
[11.078285, 8.747571]
[10.668061, 8.407615]
[9.184584, 9.622792]
[10.709902, 8.944867]
[9.639471, 6.774252]
[11.307532, 7.873793]
[9.19941, 8.565987]
[12.274686, 9.205458]
[11.497649, 9.787275]
[11.215106, 6.305744]
[11.289707, 8.668364]
[9.440003, 7.527597]
[10.711948, 8.276427]
[9.485763, 7.475215]
[11.050547, 10.741202]
[10.203155, 8.425339]
[9.154357, 8.311018]
[9.043277, 8.044907]
[11.288871, 8.566915]
[9.633027, 8.826184]
[11.948833, 8.558574]
[10.081874, 7.109528]
[9.581396, 6.973628]
[9.644202, 7.185984]
[9.388725, 9.21491]
[9.921469, 7.165519]
[9.288198, 8.975046]
[9.244974, 7.790619]
[11.885428, 8.282082]
[9.265101, 8.148739]
[9.974669, 7.403004]
[11.816812, 6.056751]
[9.922731, 8.091329]
[11.719237, 6.483428]
[10.854843, 8.940274]
[10.267246, 11.043278]
[11.07009, 10.688884]
[11.146829, 7.228544]
[12.169801, 7.49656]
[9.580286, 8.550398]
[11.278549, 9.733826]
[11.523869, 6.439371]
[11.418455, 8.068489]
[10.801558, 10.141583]
[9.013908, 8.575844]
[10.438593, 11.127747]
[11.975923, 6.834753]
[9.903481, 10.524402]
[10.073305, 6.488484]
[9.671144, 6.753842]
[11.241777, 9.486472]
[10.586883, 8.624152]
[11.118673, 6.847775]
[11.280204, 9.481504]
[11.767829, 8.931799]
[10.513667, 6.504118]
[11.543623, 10.338862]
[9.992764, 8.809631]
[9.462372, 8.539434]
[10.14775, 6.77003]
[9.080997, 7.969118]
[11.72907, 7.339232]
[11.564555, 10.440378]
[9.260499, 9.011615]
[10.077693, 9.593295]
[12.46725, 9.295362]
[9.764874, 7.670508]
[10.78052, 5.993027]
[10.655118, 6.086658]
[9.611487, 9.525109]
[9.013334, 8.414207]
[9.771977, 9.20426]
[11.427095, 7.24382]
[11.222947, 7.089969]
[9.090487, 8.726058]
[10.206855, 8.174587]
[11.748734, 6.843522]
[10.202757, 8.617007]
[9.426208, 8.326115]
[10.613982, 9.532969]
[11.666504, 5.787349]
[11.205109, 9.015783]
[10.383969, 6.436672]
[9.544338, 7.502724]
[9.631967, 7.147791]
[10.119316, 7.827584]
[11.6064, 10.032693]
[10.650558, 6.094104]
[9.041333, 8.104689]
[11.75136, 8.28869]
[9.392905, 9.363665]
[9.090582, 9.049733]
[11.829362, 9.59984]
[9.966348, 6.573965]
[10.383887, 6.139417]
[9.420275, 8.473474]




