k = 5

cluster1
2.51115 9.12233

cluster2
8.32308 11.3858
8.37072 11.3885
8.41821 11.3902
8.46555 11.391
8.51271 11.3909
8.55967 11.3898
8.60642 11.3878
8.65293 11.3849
8.6992 11.3811
8.7452 11.3764
10.5621 9.23736
10.5564 9.20656
10.55 9.17606
10.5431 9.14587
10.5356 9.116
10.5275 9.08647
10.5189 9.05729
10.5097 9.02846
10.5 9
10.5672 9.26844
10.5717 9.29981
10.5755 9.33144
10.5787 9.36332
10.5813 9.39544
10.5832 9.42778
10.5845 9.46034
10.5851 9.49309
10.585 9.52603
10.5842 9.55914
10.5828 9.5924
10.5806 9.62581
10.5778 9.65935
10.5742 9.693
10.57 9.72675
10.565 9.76058
10.5593 9.79448
10.5528 9.82844
10.5457 9.86243
10.5378 9.89645
10.5292 9.93047
10.5198 9.96449
10.5097 9.99848
10.4988 10.0324
10.4872 10.0663
10.4749 10.1001
10.4618 10.1339
10.4479 10.1675
10.4333 10.201
10.418 10.2344
10.4019 10.2676
10.385 10.3006
10.3674 10.3335
10.3491 10.3661
10.33 10.3986
10.3102 10.4308
10.2896 10.4627
10.2682 10.4944
10.2462 10.5258
10.2234 10.5569
10.1998 10.5876
10.1756 10.618
10.1506 10.6481
10.1249 10.6778
10.0985 10.7071
10.0714 10.736
10.0435 10.7645
10.015 10.7926
9.98581 10.8202
9.95593 10.8473
9.92536 10.874
9.89414 10.9001
9.86225 10.9258
9.82971 10.9509
9.79653 10.9755
9.76272 10.9995
9.72829 11.0229
9.69324 11.0457
9.65759 11.068
9.62134 11.0896
9.58451 11.1105
9.54712 11.1309
9.50916 11.1506
9.47066 11.1695
9.43162 11.1878
9.39205 11.2054
9.35198 11.2223
9.31141 11.2384
9.27035 11.2538
9.22883 11.2685
9.18684 11.2824
9.14442 11.2955
9.10157 11.3078
9.0583 11.3193
9.01464 11.33
8.9706 11.3398
8.92618 11.3488
8.88142 11.357
8.83633 11.3643
8.79091 11.3708
8.27532 11.3822
8.22746 11.3776
8.17951 11.3721
8.1315 11.3656
8.08344 11.3581
8.03536 11.3497
7.98727 11.3403
7.9392 11.3299
7.89116 11.3185
7.84317 11.3061
7.79526 11.2927
7.74744 11.2784
7.69974 11.263
7.65217 11.2467
7.60476 11.2294
7.55752 11.2111
7.51048 11.1918
7.46366 11.1715
7.41707 11.1502
7.37075 11.1279
7.3247 11.1046
7.27896 11.0804
7.23353 11.0552
7.18845 11.029
7.14373 11.0018
7.09939 10.9736
7.05546 10.9445
7.01195 10.9145
6.96888 10.8835
6.92628 10.8515
6.88417 10.8186
6.84256 10.7848
6.80148 10.75
6.76095 10.7144
6.72098 10.6778
6.6816 10.6403
6.64282 10.6019
6.60467 10.5627
6.56716 10.5226
6.53032 10.4816
6.49417 10.4398
6.45871 10.3971
6.42398 10.3536
6.38998 10.3093
6.35675 10.2642
6.32429 10.2183
6.29262 10.1716
6.26177 10.1242
6.23175 10.076
6.20257 10.027
6.17426 9.97739
6.14683 9.92705
6.1203 9.87602
6.09468 9.82432
6.06999 9.77196
6.04624 9.71896
6.02345 9.66534
6.00164 9.61111
5.98082 9.5563
5.96101 9.50092
5.94221 9.44499
5.92444 9.38853
5.90772 9.33156
5.89206 9.2741
5.87747 9.21616
5.86397 9.15777
5.85155 9.09894
5.84025 9.03971
5.83006 8.98008
5.821 8.92009
5.81308 8.85974
5.80631 8.79907
5.8007 8.73809
5.79626 8.67684
5.79299 8.61532
5.7909 8.55356
5.79001 8.49159
5.79032 8.42943
5.79183 8.36709
5.79456 8.30462
5.79851 8.24202
5.80368 8.17932
5.81007 8.11655
5.81771 8.05374
5.82658 7.99089
5.83669 7.92805
5.84805 7.86523
5.86065 7.80246
5.87451 7.73976
5.88962 7.67716
5.90598 7.61468
5.92359 7.55235
5.94245 7.49019
5.96257 7.42824
5.98395 7.3665
6.00657 7.30502
6.03044 7.24381
6.05556 7.1829
6.08192 7.12231
6.10953 7.06207
6.13837 7.00221
6.16844 6.94275
6.19974 6.88372
6.23226 6.82513
6.266 6.76703
6.30095 6.70942
6.33711 6.65234
6.37445 6.59582
6.41299 6.53986
6.4527 6.48451
6.49359 6.42979
6.53563 6.37571
6.57882 6.32231
6.62316 6.26961
6.66862 6.21763
6.7152 6.1664
6.76289 6.11593
6.81167 6.06626
6.86153 6.01741
6.91245 5.9694
6.96443 5.92225
7.01744 5.87599
7.07148 5.83063
7.12652 5.7862
7.18256 5.74273
7.23957 5.70023
7.29754 5.65873
7.35644 5.61824
7.41628 5.57878
7.47701 5.54039
7.53864 5.50307
7.60113 5.46685
7.66446 5.43174
7.72863 5.39778
7.7936 5.36496
7.85936 5.33332
7.92588 5.30287
7.99315 5.27363
8.06114 5.24561
8.12983 5.21884
8.19919 5.19332
8.26921 5.16908
8.33986 5.14613
8.41112 5.12449
8.48295 5.10416
8.55535 5.08517
8.62827 5.06753
8.70171 5.05125
8.77562 5.03635
8.84999 5.02283
8.92479 5.01071
9 5
9.07558 4.99071
9.15151 4.98286
9.22777 4.97644
9.30432 4.97148
9.38114 4.96797
9.4582 4.96594
9.53547 4.96538
9.61292 4.9663
9.69053 4.96871
9.76826 4.97262
9.8461 4.97803
9.924 4.98495
10.0019 4.99338
10.0799 5.00332
10.1578 5.01478
10.2357 5.02776
10.3135 5.04227
10.3912 5.0583
10.4687 5.07586
10.5461 5.09494
10.6233 5.11555
10.7003 5.13768
10.777 5.16134
10.8534 5.18652
10.9295 5.21322
11.0052 5.24144
11.0806 5.27117
11.1555 5.30241
11.23 5.33515
11.3041 5.36939
11.3776 5.40512
11.4506 5.44234
11.523 5.48103
11.5949 5.5212
11.6662 5.56283
11.7367 5.6059
11.8066 5.65043
11.8758 5.69638
11.9443 5.74375
12.012 5.79254
12.0789 5.84272
12.145 5.89429
12.2102 5.94723
12.2746 6.00152
12.338 6.05716
12.4005 6.11413
12.462 6.17241
12.5226 6.23199
12.5821 6.29285
12.6406 6.35497
12.698 6.41833
12.7543 6.48292
12.8095 6.54872
12.8635 6.61571
12.9164 6.68386
12.968 6.75316
13.0185 6.82359
13.0677 6.89512
13.1156 6.96774
13.1622 7.04142
13.2075 7.11613
13.2515 7.19185
13.2941 7.26857
13.3353 7.34625
13.3751 7.42487
13.4135 7.5044
13.4504 7.58483
13.4859 7.66611
13.5199 7.74823
13.5523 7.83116
13.5833 7.91487
13.6127 7.99933
13.6406 8.08451
13.6668 8.17039
13.6915 8.25694
13.7146 8.34412
13.7361 8.43191
13.7559 8.52027
13.774 8.60918
13.7905 8.69861
13.8054 8.78851
13.8185 8.87887
13.8299 8.96965
13.8396 9.06082
13.8476 9.15234
13.8539 9.24419
13.8584 9.33632
13.8611 9.42871
13.8621 9.52133
13.8614 9.61413
13.8588 9.70709
13.8545 9.80017
13.8484 9.89334
13.8405 9.98657
13.8308 10.0798
13.8193 10.173
13.806 10.2662
13.7909 10.3593
13.774 10.4523
13.7553 10.5451
13.7348 10.6377
13.7124 10.7301
13.6883 10.8223
13.6624 10.9141
13.6347 11.0056
13.6051 11.0967
13.5738 11.1875
13.5407 11.2778
13.5058 11.3676
13.4692 11.4569
13.4307 11.5457
13.3905 11.6339
13.3486 11.7215
13.3049 11.8085
13.2595 11.8947
13.2123 11.9803
13.1634 12.0651
13.1129 12.1491
13.0606 12.2323
13.0067 12.3146
12.9511 12.3961
12.8938 12.4766
12.8349 12.5562
12.7744 12.6347
12.7123 12.7123
12.6486 12.7888
12.5833 12.8643
12.5165 12.9386
12.4482 13.0117
12.3783 13.0837
12.307 13.1545
12.2342 13.224
12.1599 13.2923
12.0842 13.3592
12.0071 13.4249
11.9287 13.4892
11.8489 13.552
11.7677 13.6135
11.6852 13.6735
11.6015 13.7321
11.5165 13.7891
11.4302 13.8446
11.3428 13.8986
11.2542 13.951
11.1645 14.0018
11.0736 14.0509
10.9817 14.0984
10.8886 14.1443
10.7946 14.1884
10.6996 14.2308
10.6036 14.2715
10.5067 14.3104
10.4089 14.3475
10.3102 14.3828
10.2107 14.4163
10.1104 14.448
10.0093 14.4778
9.90752 14.5057
9.80502 14.5317
9.70187 14.5558
9.59809 14.578
9.49372 14.5983
9.38881 14.6166
9.28338 14.6329
9.17747 14.6472
9.07112 14.6595
8.96437 14.6699
8.85726 14.6782
8.74982 14.6845
8.64209 14.6888
8.53412 14.691
8.42593 14.6911
8.31757 14.6892
8.20908 14.6852
8.1005 14.6792
7.99187 14.6711
7.88322 14.6609
7.7746 14.6486
7.66605 14.6342
7.5576 14.6178
7.4493 14.5992
7.34119 14.5786
7.2333 14.5559
7.12569 14.5311
7.01838 14.5041
6.91143 14.4752
6.80486 14.4441
6.69872 14.411
6.59306 14.3758
6.4879 14.3385
6.3833 14.2991
6.27929 14.2578
6.17591 14.2143
6.0732 14.1689
5.9712 14.1214
5.86996 14.0719
5.76951 14.0204
5.66988 13.967
5.57113 13.9115
5.47329 13.8541
5.37639 13.7947
5.28049 13.7335
5.1856 13.6702
5.09178 13.6052
4.99906 13.5382
4.90748 13.4693
4.81708 13.3986
4.72789 13.3261
4.63995 13.2518
4.55329 13.1757
4.46796 13.0979
4.38398 13.0183
4.3014 12.937
4.22024 12.854
4.14055 12.7694
4.06235 12.6831
3.98568 12.5952
3.91057 12.5057
3.83705 12.4147
3.76517 12.3221
3.69494 12.2281
3.6264 12.1325
3.55958 12.0356
3.4945 11.9372
3.43121 11.8374
3.36972 11.7363
3.31007 11.6339
3.25229 11.5303
3.19639 11.4253
3.14241 11.3192
3.09037 11.2119
3.0403 11.1034
2.99222 10.9939
2.94616 10.8832
2.90213 10.7716
2.86017 10.659
2.82029 10.5454
2.78252 10.4308
2.74687 10.3155
2.71336 10.1992
2.68202 10.0822
2.65286 9.96445
2.62589 9.84596
2.60114 9.72679
2.57863 9.607
2.55835 9.48661
2.54034 9.36567
2.5246 9.24423

cluster3
15.4888 8.87767

cluster4
15.4597 8.63433
15.4416 8.51339
15.4214 8.393
15.3989 8.27321
15.3741 8.15404
15.3471 8.03555
15.318 7.91778
15.2866 7.80076
15.2531 7.68454
15.2175 7.56915
15.1797 7.45464
15.1398 7.34105
15.0979 7.22841
15.0538 7.11676
15.0078 7.00614
14.9597 6.89658
14.9096 6.78813
14.8576 6.68082
14.8036 6.57468
14.7477 6.46975
14.6899 6.36606
14.6303 6.26366
14.5688 6.16256
14.5055 6.06281
14.4404 5.96443
14.3736 5.86746
14.3051 5.77193
14.2348 5.67787
14.163 5.58531
14.0894 5.49428
14.0143 5.4048
13.9376 5.31691
13.8595 5.23062
13.7798 5.14598
13.6986 5.06299
13.616 4.9817
13.532 4.90211
13.4467 4.82426
13.36 4.74817
13.2721 4.67386
13.1829 4.60136
13.0925 4.53067
13.0009 4.46183
12.9082 4.39485
12.8144 4.32975
12.7195 4.26654
12.6236 4.20526
12.5267 4.1459
12.4289 4.08849
12.3301 4.03304
12.2305 3.97956
12.13 3.92807
12.0288 3.87858
11.9268 3.83111
11.8241 3.78565
11.7207 3.74223
11.6167 3.70085
11.5121 3.66152
11.4069 3.62425
11.3013 3.58904
11.1951 3.5559
11.0886 3.52483
10.9816 3.49585
10.8743 3.46895
10.7667 3.44413
10.6588 3.4214
10.5507 3.40077
10.4424 3.38222
10.3339 3.36576
10.2254 3.35139
10.1168 3.33911
10.0081 3.32891
9.8995 3.32079
9.79092 3.31475
9.68243 3.31078
9.57407 3.30888
9.46588 3.30904
9.35791 3.31125
9.25018 3.3155
9.14274 3.32179
9.03563 3.33011
8.92888 3.34045
8.82253 3.35279
8.71662 3.36712
8.61119 3.38344
8.50628 3.40173
8.40191 3.42197
8.29813 3.44416
8.19498 3.46827
8.09248 3.49429
7.99068 3.52221
7.88961 3.55201
7.7893 3.58366
7.6898 3.61716
7.59112 3.65248
7.49331 3.68961
7.39639 3.72852
7.30041 3.76919
7.20538 3.8116
7.11136 3.85574
7.01835 3.90157
6.92641 3.94908
6.83554 3.99824
6.7458 4.04902
6.65719 4.10141
6.56976 4.15538
6.48353 4.2109
6.39853 4.26794
6.31478 4.32649
6.23232 4.38651
6.15115 4.44797
6.07133 4.51085
5.99285 4.57512
5.91576 4.64075
5.84007 4.70771
5.76581 4.77597
5.693 4.8455
5.62165 4.91628
5.5518 4.98827
5.48346 5.06143
5.41665 5.13574
5.35138 5.21117
5.28769 5.28769
5.22558 5.36526
5.16507 5.44384
5.10619 5.52342
5.04893 5.60395
4.99333 5.6854
4.93939 5.76773
4.88713 5.85092
4.83656 5.93493
4.78769 6.01972
4.74054 6.10527
4.69511 6.19153
4.65141 6.27848
4.60946 6.36607
4.56927 6.45427
4.53084 6.54306
4.49417 6.63238
4.45929 6.72221
4.42618 6.81252
4.39486 6.90326
4.36534 6.9944
4.33761 7.08591
4.31168 7.17775
4.28756 7.26989
4.26523 7.36229
4.24472 7.45492
4.22601 7.54773
4.2091 7.6407
4.194 7.73379
4.18071 7.82696
4.16921 7.92019
4.15952 8.01343
4.15162 8.10666
4.1455 8.19983
4.14118 8.29291
4.13864 8.38587
4.13787 8.47867
4.13887 8.57129
4.14163 8.66368
4.14614 8.75581
4.15239 8.84766
4.16038 8.93918
4.1701 9.03035
4.18152 9.12113
4.19465 9.21149
4.20947 9.30139
4.22597 9.39082
4.24413 9.47973
4.26395 9.56809
4.2854 9.65588
4.30848 9.74306
4.33317 9.82961
4.35944 9.91549
4.38729 10.0007
4.41671 10.0851
4.44766 10.1688
4.48014 10.2518
4.51412 10.3339
4.54959 10.4152
4.58652 10.4956
4.6249 10.5751
4.66471 10.6538
4.70593 10.7314
4.74853 10.8081
4.79249 10.8839
4.8378 10.9586
4.88442 11.0323
4.93233 11.1049
4.98152 11.1764
5.03196 11.2468
5.08362 11.3161
5.13649 11.3843
5.19052 11.4513
5.24571 11.5171
5.30202 11.5817
5.35942 11.645
5.4179 11.7072
5.47743 11.768
5.53797 11.8276
5.59951 11.8859
5.66201 11.9428
5.72544 11.9985
5.78979 12.0528
5.85501 12.1057
5.92109 12.1573
5.98799 12.2075
6.05569 12.2562
6.12415 12.3036
6.19336 12.3496
6.26327 12.3941
6.33385 12.4372
6.40509 12.4788
6.47695 12.519
6.5494 12.5577
6.62241 12.5949
6.69594 12.6306
6.76998 12.6648
6.84449 12.6976
6.91944 12.7288
6.9948 12.7586
7.07054 12.7868
7.14663 12.8135
7.22304 12.8387
7.29973 12.8623
7.37669 12.8844
7.45388 12.9051
7.53126 12.9241
7.60881 12.9417
7.68651 12.9577
7.76431 12.9722
7.84219 12.9852
7.92012 12.9967
7.99807 13.0066
8.076 13.0151
8.1539 13.022
8.23174 13.0274
8.30947 13.0313
8.38708 13.0337
8.46453 13.0346
8.5418 13.0341
8.61886 13.032
8.69568 13.0285
8.77223 13.0236
8.84849 13.0171
8.92442 13.0093
9 13
9.07521 12.9893
9.15001 12.9772
9.22438 12.9636
9.29829 12.9488
9.37173 12.9325
9.44465 12.9148
9.51705 12.8958
9.58888 12.8755
9.66014 12.8539
9.73079 12.8309
9.80081 12.8067
9.87017 12.7812
9.93886 12.7544
10.0069 12.7264
10.0741 12.6971
10.1406 12.6667
10.2064 12.635
10.2714 12.6022
10.3355 12.5683
10.3989 12.5331
10.4614 12.4969
10.523 12.4596
10.5837 12.4212
10.6436 12.3818
10.7025 12.3413
10.7604 12.2998
10.8174 12.2573
10.8735 12.2138
10.9285 12.1694
10.9826 12.124
11.0356 12.0777
11.0876 12.0306
11.1385 11.9826
11.1883 11.9337
11.2371 11.8841
11.2848 11.8336
11.3314 11.7824
11.3768 11.7304
11.4212 11.6777
11.4644 11.6243
11.5064 11.5702
11.5473 11.5155
11.587 11.4601
11.6256 11.4042
11.6629 11.3477
11.699 11.2906
11.734 11.233
11.7677 11.1749
11.8003 11.1163
11.8316 11.0572
11.8616 10.9978
11.8905 10.9379
11.9181 10.8777
11.9444 10.8171
11.9696 10.7562
11.9934 10.695
12.016 10.6335
12.0374 10.5718
12.0576 10.5098
12.0764 10.4476
12.094 10.3853
12.1104 10.3228
12.1255 10.2602
12.1394 10.1975
12.1519 10.1348
12.1633 10.0719
12.1734 10.0091
12.1823 9.94626
12.1899 9.88345
12.1963 9.82068
12.2015 9.75798
12.2054 9.69538
12.2082 9.63291
12.2097 9.57057
12.21 9.50841
12.2091 9.44644
12.207 9.38468
12.2037 9.32316
12.1993 9.26191
12.1937 9.20093
12.1869 9.14026
12.179 9.07991
12.1699 9.01992
12.1598 8.96029
12.1485 8.90106
12.136 8.84223
12.1225 8.78384
12.1079 8.7259
12.0923 8.66844
12.0756 8.61147
12.0578 8.55501
12.039 8.49908
12.0192 8.4437
11.9984 8.38889
11.9765 8.33466
11.9538 8.28104
11.93 8.22804
11.9053 8.17568
11.8797 8.12398
11.8532 8.07295
11.8257 8.02261
11.7974 7.97296
11.7683 7.92404
11.7382 7.87585
11.7074 7.82841
11.6757 7.78174
11.6433 7.73583
11.61 7.69072
11.576 7.64641
11.5413 7.60291
11.5058 7.56025
11.4697 7.51841
11.4328 7.47743
11.3953 7.43731
11.3572 7.39806
11.3184 7.35969
11.279 7.32222
11.2391 7.28564
11.1985 7.24997
11.1574 7.21521
11.1158 7.18138
11.0737 7.14849
11.0311 7.11653
10.988 7.08552
10.9445 7.05546
10.9006 7.02635
10.8563 6.99821
10.8116 6.97104
10.7665 6.94484
10.721 6.91961
10.6753 6.89537
10.6293 6.87211
10.5829 6.84983
10.5363 6.82854
10.4895 6.80824
10.4425 6.78893
10.3952 6.77061
10.3478 6.75328
10.3003 6.73695
10.2526 6.7216
10.2047 6.70725
10.1568 6.69389
10.1088 6.68152
10.0608 6.67013
10.0127 6.65973
9.96464 6.6503
9.91656 6.64186
9.8685 6.63439
9.82049 6.62789
9.77254 6.62236
9.72468 6.61779
9.67692 6.61417
9.62928 6.61151
9.58179 6.60979
9.53445 6.609
9.48729 6.60915
9.44033 6.61023
9.39358 6.61222
9.34707 6.61512
9.3008 6.61892
9.2548 6.62362
9.20909 6.6292
9.16367 6.63566
9.11858 6.64298
9.07382 6.65116
9.0294 6.66018
8.98536 6.67005
8.9417 6.68073
8.89843 6.69223
8.85558 6.70454
8.81316 6.71763
8.77117 6.73151
8.72965 6.74616
8.68859 6.76156
8.64802 6.7777
8.60795 6.79458
8.56838 6.81217
8.52934 6.83046
8.49084 6.84945
8.45288 6.86912
8.41549 6.88945
8.37866 6.91042
8.34241 6.93203
8.30676 6.95427
8.27171 6.97711
8.23728 7.00054
8.20347 7.02454
8.17029 7.04911
8.13775 7.07422
8.10586 7.09986
8.07464 7.12602
8.04407 7.15268
8.01419 7.17982
7.98498 7.20742
7.95647 7.23548
7.92864 7.26397
7.90152 7.29288
7.87511 7.3222
7.84941 7.3519
7.82443 7.38197
7.80017 7.41239
7.77664 7.44315
7.75384 7.47423
7.73177 7.50561
7.71044 7.53728
7.68985 7.56922
7.67001 7.60142
7.65091 7.63385
7.63256 7.6665
7.61496 7.69936
7.59811 7.7324
7.58201 7.76562
7.56666 7.79899
7.55206 7.83249
7.53821 7.86612
7.52512 7.89985
7.51277 7.93368
7.50117 7.96757
7.49032 8.00152
7.48021 8.03551
7.47084 8.06953
7.46222 8.10355
7.45433 8.13757
7.44717 8.17156
7.44074 8.20552
7.43503 8.23942
7.43005 8.27325
7.42579 8.307
7.42223 8.34065
7.41938 8.37419
7.41723 8.4076
7.41578 8.44086
7.41501 8.47397
7.41492 8.50691
7.41552 8.53966
7.41677 8.57222
7.41869 8.60456
7.42127 8.63668
7.42448 8.66856
7.42834 8.70019
7.43283 8.73156
7.43793 8.76264
7.44365 8.79344
7.44997 8.82394
7.45688 8.85413
7.46438 8.884
7.47245 8.91353
7.48108 8.94271
7.49027 8.97154
7.5 9

cluster5
15.4754 8.75577



k = 4

cluster1
2.51115 9.12233

cluster2
8.32308 11.3858
8.37072 11.3885
8.41821 11.3902
8.46555 11.391
8.51271 11.3909
8.55967 11.3898
8.60642 11.3878
8.65293 11.3849
8.6992 11.3811
8.7452 11.3764
10.5621 9.23736
10.5564 9.20656
10.55 9.17606
10.5431 9.14587
10.5356 9.116
10.5275 9.08647
10.5189 9.05729
10.5097 9.02846
10.5 9
10.5672 9.26844
10.5717 9.29981
10.5755 9.33144
10.5787 9.36332
10.5813 9.39544
10.5832 9.42778
10.5845 9.46034
10.5851 9.49309
10.585 9.52603
10.5842 9.55914
10.5828 9.5924
10.5806 9.62581
10.5778 9.65935
10.5742 9.693
10.57 9.72675
10.565 9.76058
10.5593 9.79448
10.5528 9.82844
10.5457 9.86243
10.5378 9.89645
10.5292 9.93047
10.5198 9.96449
10.5097 9.99848
10.4988 10.0324
10.4872 10.0663
10.4749 10.1001
10.4618 10.1339
10.4479 10.1675
10.4333 10.201
10.418 10.2344
10.4019 10.2676
10.385 10.3006
10.3674 10.3335
10.3491 10.3661
10.33 10.3986
10.3102 10.4308
10.2896 10.4627
10.2682 10.4944
10.2462 10.5258
10.2234 10.5569
10.1998 10.5876
10.1756 10.618
10.1506 10.6481
10.1249 10.6778
10.0985 10.7071
10.0714 10.736
10.0435 10.7645
10.015 10.7926
9.98581 10.8202
9.95593 10.8473
9.92536 10.874
9.89414 10.9001
9.86225 10.9258
9.82971 10.9509
9.79653 10.9755
9.76272 10.9995
9.72829 11.0229
9.69324 11.0457
9.65759 11.068
9.62134 11.0896
9.58451 11.1105
9.54712 11.1309
9.50916 11.1506
9.47066 11.1695
9.43162 11.1878
9.39205 11.2054
9.35198 11.2223
9.31141 11.2384
9.27035 11.2538
9.22883 11.2685
9.18684 11.2824
9.14442 11.2955
9.10157 11.3078
9.0583 11.3193
9.01464 11.33
8.9706 11.3398
8.92618 11.3488
8.88142 11.357
8.83633 11.3643
8.79091 11.3708
8.27532 11.3822
8.22746 11.3776
8.17951 11.3721
8.1315 11.3656
8.08344 11.3581
8.03536 11.3497
7.98727 11.3403
7.9392 11.3299
7.89116 11.3185
7.84317 11.3061
7.79526 11.2927
7.74744 11.2784
7.69974 11.263
7.65217 11.2467
7.60476 11.2294
7.55752 11.2111
7.51048 11.1918
7.46366 11.1715
7.41707 11.1502
7.37075 11.1279
7.3247 11.1046
7.27896 11.0804
7.23353 11.0552
7.18845 11.029
7.14373 11.0018
7.09939 10.9736
7.05546 10.9445
7.01195 10.9145
6.96888 10.8835
6.92628 10.8515
6.88417 10.8186
6.84256 10.7848
6.80148 10.75
6.76095 10.7144
6.72098 10.6778
6.6816 10.6403
6.64282 10.6019
6.60467 10.5627
6.56716 10.5226
6.53032 10.4816
6.49417 10.4398
6.45871 10.3971
6.42398 10.3536
6.38998 10.3093
6.35675 10.2642
6.32429 10.2183
6.29262 10.1716
6.26177 10.1242
6.23175 10.076
6.20257 10.027
6.17426 9.97739
6.14683 9.92705
6.1203 9.87602
6.09468 9.82432
6.06999 9.77196
6.04624 9.71896
6.02345 9.66534
6.00164 9.61111
5.98082 9.5563
5.96101 9.50092
5.94221 9.44499
5.92444 9.38853
5.90772 9.33156
5.89206 9.2741
5.87747 9.21616
5.86397 9.15777
5.85155 9.09894
5.84025 9.03971
5.83006 8.98008
5.821 8.92009
5.81308 8.85974
5.80631 8.79907
5.8007 8.73809
5.79626 8.67684
5.79299 8.61532
5.7909 8.55356
5.79001 8.49159
5.79032 8.42943
5.79183 8.36709
5.79456 8.30462
5.79851 8.24202
5.80368 8.17932
5.81007 8.11655
5.81771 8.05374
5.82658 7.99089
5.83669 7.92805
5.84805 7.86523
5.86065 7.80246
5.87451 7.73976
5.88962 7.67716
5.90598 7.61468
5.92359 7.55235
5.94245 7.49019
5.96257 7.42824
5.98395 7.3665
6.00657 7.30502
6.03044 7.24381
6.05556 7.1829
6.08192 7.12231
6.10953 7.06207
6.13837 7.00221
6.16844 6.94275
6.19974 6.88372
6.23226 6.82513
6.266 6.76703
6.30095 6.70942
6.33711 6.65234
6.37445 6.59582
6.41299 6.53986
6.4527 6.48451
6.49359 6.42979
6.53563 6.37571
6.57882 6.32231
6.62316 6.26961
6.66862 6.21763
6.7152 6.1664
6.76289 6.11593
6.81167 6.06626
6.86153 6.01741
6.91245 5.9694
6.96443 5.92225
7.01744 5.87599
7.07148 5.83063
7.12652 5.7862
7.18256 5.74273
7.23957 5.70023
7.29754 5.65873
7.35644 5.61824
7.41628 5.57878
7.47701 5.54039
7.53864 5.50307
7.60113 5.46685
7.66446 5.43174
7.72863 5.39778
7.7936 5.36496
7.85936 5.33332
7.92588 5.30287
7.99315 5.27363
8.06114 5.24561
8.12983 5.21884
8.19919 5.19332
8.26921 5.16908
8.33986 5.14613
8.41112 5.12449
8.48295 5.10416
8.55535 5.08517
8.62827 5.06753
8.70171 5.05125
8.77562 5.03635
8.84999 5.02283
8.92479 5.01071
9 5
9.07558 4.99071
9.15151 4.98286
9.22777 4.97644
9.30432 4.97148
9.38114 4.96797
9.4582 4.96594
9.53547 4.96538
9.61292 4.9663
9.69053 4.96871
9.76826 4.97262
9.8461 4.97803
9.924 4.98495
10.0019 4.99338
10.0799 5.00332
10.1578 5.01478
10.2357 5.02776
10.3135 5.04227
10.3912 5.0583
10.4687 5.07586
10.5461 5.09494
10.6233 5.11555
10.7003 5.13768
10.777 5.16134
10.8534 5.18652
10.9295 5.21322
11.0052 5.24144
11.0806 5.27117
11.1555 5.30241
11.23 5.33515
11.3041 5.36939
11.3776 5.40512
11.4506 5.44234
11.523 5.48103
11.5949 5.5212
11.6662 5.56283
11.7367 5.6059
11.8066 5.65043
11.8758 5.69638
11.9443 5.74375
12.012 5.79254
12.0789 5.84272
12.145 5.89429
12.2102 5.94723
12.2746 6.00152
12.338 6.05716
12.4005 6.11413
12.462 6.17241
12.5226 6.23199
12.5821 6.29285
12.6406 6.35497
12.698 6.41833
12.7543 6.48292
12.8095 6.54872
12.8635 6.61571
12.9164 6.68386
12.968 6.75316
13.0185 6.82359
13.0677 6.89512
13.1156 6.96774
13.1622 7.04142
13.2075 7.11613
13.2515 7.19185
13.2941 7.26857
13.3353 7.34625
13.3751 7.42487
13.4135 7.5044
13.4504 7.58483
13.4859 7.66611
13.5199 7.74823
13.5523 7.83116
13.5833 7.91487
13.6127 7.99933
13.6406 8.08451
13.6668 8.17039
13.6915 8.25694
13.7146 8.34412
13.7361 8.43191
13.7559 8.52027
13.774 8.60918
13.7905 8.69861
13.8054 8.78851
13.8185 8.87887
13.8299 8.96965
13.8396 9.06082
13.8476 9.15234
13.8539 9.24419
13.8584 9.33632
13.8611 9.42871
13.8621 9.52133
13.8614 9.61413
13.8588 9.70709
13.8545 9.80017
13.8484 9.89334
13.8405 9.98657
13.8308 10.0798
13.8193 10.173
13.806 10.2662
13.7909 10.3593
13.774 10.4523
13.7553 10.5451
13.7348 10.6377
13.7124 10.7301
13.6883 10.8223
13.6624 10.9141
13.6347 11.0056
13.6051 11.0967
13.5738 11.1875
13.5407 11.2778
13.5058 11.3676
13.4692 11.4569
13.4307 11.5457
13.3905 11.6339
13.3486 11.7215
13.3049 11.8085
13.2595 11.8947
13.2123 11.9803
13.1634 12.0651
13.1129 12.1491
13.0606 12.2323
13.0067 12.3146
12.9511 12.3961
12.8938 12.4766
12.8349 12.5562
12.7744 12.6347
12.7123 12.7123
12.6486 12.7888
12.5833 12.8643
12.5165 12.9386
12.4482 13.0117
12.3783 13.0837
12.307 13.1545
12.2342 13.224
12.1599 13.2923
12.0842 13.3592
12.0071 13.4249
11.9287 13.4892
11.8489 13.552
11.7677 13.6135
11.6852 13.6735
11.6015 13.7321
11.5165 13.7891
11.4302 13.8446
11.3428 13.8986
11.2542 13.951
11.1645 14.0018
11.0736 14.0509
10.9817 14.0984
10.8886 14.1443
10.7946 14.1884
10.6996 14.2308
10.6036 14.2715
10.5067 14.3104
10.4089 14.3475
10.3102 14.3828
10.2107 14.4163
10.1104 14.448
10.0093 14.4778
9.90752 14.5057
9.80502 14.5317
9.70187 14.5558
9.59809 14.578
9.49372 14.5983
9.38881 14.6166
9.28338 14.6329
9.17747 14.6472
9.07112 14.6595
8.96437 14.6699
8.85726 14.6782
8.74982 14.6845
8.64209 14.6888
8.53412 14.691
8.42593 14.6911
8.31757 14.6892
8.20908 14.6852
8.1005 14.6792
7.99187 14.6711
7.88322 14.6609
7.7746 14.6486
7.66605 14.6342
7.5576 14.6178
7.4493 14.5992
7.34119 14.5786
7.2333 14.5559
7.12569 14.5311
7.01838 14.5041
6.91143 14.4752
6.80486 14.4441
6.69872 14.411
6.59306 14.3758
6.4879 14.3385
6.3833 14.2991
6.27929 14.2578
6.17591 14.2143
6.0732 14.1689
5.9712 14.1214
5.86996 14.0719
5.76951 14.0204
5.66988 13.967
5.57113 13.9115
5.47329 13.8541
5.37639 13.7947
5.28049 13.7335
5.1856 13.6702
5.09178 13.6052
4.99906 13.5382
4.90748 13.4693
4.81708 13.3986
4.72789 13.3261
4.63995 13.2518
4.55329 13.1757
4.46796 13.0979
4.38398 13.0183
4.3014 12.937
4.22024 12.854
4.14055 12.7694
4.06235 12.6831
3.98568 12.5952
3.91057 12.5057
3.83705 12.4147
3.76517 12.3221
3.69494 12.2281
3.6264 12.1325
3.55958 12.0356
3.4945 11.9372
3.43121 11.8374
3.36972 11.7363
3.31007 11.6339
3.25229 11.5303
3.19639 11.4253
3.14241 11.3192
3.09037 11.2119
3.0403 11.1034
2.99222 10.9939
2.94616 10.8832
2.90213 10.7716
2.86017 10.659
2.82029 10.5454
2.78252 10.4308
2.74687 10.3155
2.71336 10.1992
2.68202 10.0822
2.65286 9.96445
2.62589 9.84596
2.60114 9.72679
2.57863 9.607
2.55835 9.48661
2.54034 9.36567
2.5246 9.24423

cluster3
15.4888 8.87767

cluster4
15.4754 8.75577
15.4597 8.63433
15.4416 8.51339
15.4214 8.393
15.3989 8.27321
15.3741 8.15404
15.3471 8.03555
15.318 7.91778
15.2866 7.80076
15.2531 7.68454
15.2175 7.56915
15.1797 7.45464
15.1398 7.34105
15.0979 7.22841
15.0538 7.11676
15.0078 7.00614
14.9597 6.89658
14.9096 6.78813
14.8576 6.68082
14.8036 6.57468
14.7477 6.46975
14.6899 6.36606
14.6303 6.26366
14.5688 6.16256
14.5055 6.06281
14.4404 5.96443
14.3736 5.86746
14.3051 5.77193
14.2348 5.67787
14.163 5.58531
14.0894 5.49428
14.0143 5.4048
13.9376 5.31691
13.8595 5.23062
13.7798 5.14598
13.6986 5.06299
13.616 4.9817
13.532 4.90211
13.4467 4.82426
13.36 4.74817
13.2721 4.67386
13.1829 4.60136
13.0925 4.53067
13.0009 4.46183
12.9082 4.39485
12.8144 4.32975
12.7195 4.26654
12.6236 4.20526
12.5267 4.1459
12.4289 4.08849
12.3301 4.03304
12.2305 3.97956
12.13 3.92807
12.0288 3.87858
11.9268 3.83111
11.8241 3.78565
11.7207 3.74223
11.6167 3.70085
11.5121 3.66152
11.4069 3.62425
11.3013 3.58904
11.1951 3.5559
11.0886 3.52483
10.9816 3.49585
10.8743 3.46895
10.7667 3.44413
10.6588 3.4214
10.5507 3.40077
10.4424 3.38222
10.3339 3.36576
10.2254 3.35139
10.1168 3.33911
10.0081 3.32891
9.8995 3.32079
9.79092 3.31475
9.68243 3.31078
9.57407 3.30888
9.46588 3.30904
9.35791 3.31125
9.25018 3.3155
9.14274 3.32179
9.03563 3.33011
8.92888 3.34045
8.82253 3.35279
8.71662 3.36712
8.61119 3.38344
8.50628 3.40173
8.40191 3.42197
8.29813 3.44416
8.19498 3.46827
8.09248 3.49429
7.99068 3.52221
7.88961 3.55201
7.7893 3.58366
7.6898 3.61716
7.59112 3.65248
7.49331 3.68961
7.39639 3.72852
7.30041 3.76919
7.20538 3.8116
7.11136 3.85574
7.01835 3.90157
6.92641 3.94908
6.83554 3.99824
6.7458 4.04902
6.65719 4.10141
6.56976 4.15538
6.48353 4.2109
6.39853 4.26794
6.31478 4.32649
6.23232 4.38651
6.15115 4.44797
6.07133 4.51085
5.99285 4.57512
5.91576 4.64075
5.84007 4.70771
5.76581 4.77597
5.693 4.8455
5.62165 4.91628
5.5518 4.98827
5.48346 5.06143
5.41665 5.13574
5.35138 5.21117
5.28769 5.28769
5.22558 5.36526
5.16507 5.44384
5.10619 5.52342
5.04893 5.60395
4.99333 5.6854
4.93939 5.76773
4.88713 5.85092
4.83656 5.93493
4.78769 6.01972
4.74054 6.10527
4.69511 6.19153
4.65141 6.27848
4.60946 6.36607
4.56927 6.45427
4.53084 6.54306
4.49417 6.63238
4.45929 6.72221
4.42618 6.81252
4.39486 6.90326
4.36534 6.9944
4.33761 7.08591
4.31168 7.17775
4.28756 7.26989
4.26523 7.36229
4.24472 7.45492
4.22601 7.54773
4.2091 7.6407
4.194 7.73379
4.18071 7.82696
4.16921 7.92019
4.15952 8.01343
4.15162 8.10666
4.1455 8.19983
4.14118 8.29291
4.13864 8.38587
4.13787 8.47867
4.13887 8.57129
4.14163 8.66368
4.14614 8.75581
4.15239 8.84766
4.16038 8.93918
4.1701 9.03035
4.18152 9.12113
4.19465 9.21149
4.20947 9.30139
4.22597 9.39082
4.24413 9.47973
4.26395 9.56809
4.2854 9.65588
4.30848 9.74306
4.33317 9.82961
4.35944 9.91549
4.38729 10.0007
4.41671 10.0851
4.44766 10.1688
4.48014 10.2518
4.51412 10.3339
4.54959 10.4152
4.58652 10.4956
4.6249 10.5751
4.66471 10.6538
4.70593 10.7314
4.74853 10.8081
4.79249 10.8839
4.8378 10.9586
4.88442 11.0323
4.93233 11.1049
4.98152 11.1764
5.03196 11.2468
5.08362 11.3161
5.13649 11.3843
5.19052 11.4513
5.24571 11.5171
5.30202 11.5817
5.35942 11.645
5.4179 11.7072
5.47743 11.768
5.53797 11.8276
5.59951 11.8859
5.66201 11.9428
5.72544 11.9985
5.78979 12.0528
5.85501 12.1057
5.92109 12.1573
5.98799 12.2075
6.05569 12.2562
6.12415 12.3036
6.19336 12.3496
6.26327 12.3941
6.33385 12.4372
6.40509 12.4788
6.47695 12.519
6.5494 12.5577
6.62241 12.5949
6.69594 12.6306
6.76998 12.6648
6.84449 12.6976
6.91944 12.7288
6.9948 12.7586
7.07054 12.7868
7.14663 12.8135
7.22304 12.8387
7.29973 12.8623
7.37669 12.8844
7.45388 12.9051
7.53126 12.9241
7.60881 12.9417
7.68651 12.9577
7.76431 12.9722
7.84219 12.9852
7.92012 12.9967
7.99807 13.0066
8.076 13.0151
8.1539 13.022
8.23174 13.0274
8.30947 13.0313
8.38708 13.0337
8.46453 13.0346
8.5418 13.0341
8.61886 13.032
8.69568 13.0285
8.77223 13.0236
8.84849 13.0171
8.92442 13.0093
9 13
9.07521 12.9893
9.15001 12.9772
9.22438 12.9636
9.29829 12.9488
9.37173 12.9325
9.44465 12.9148
9.51705 12.8958
9.58888 12.8755
9.66014 12.8539
9.73079 12.8309
9.80081 12.8067
9.87017 12.7812
9.93886 12.7544
10.0069 12.7264
10.0741 12.6971
10.1406 12.6667
10.2064 12.635
10.2714 12.6022
10.3355 12.5683
10.3989 12.5331
10.4614 12.4969
10.523 12.4596
10.5837 12.4212
10.6436 12.3818
10.7025 12.3413
10.7604 12.2998
10.8174 12.2573
10.8735 12.2138
10.9285 12.1694
10.9826 12.124
11.0356 12.0777
11.0876 12.0306
11.1385 11.9826
11.1883 11.9337
11.2371 11.8841
11.2848 11.8336
11.3314 11.7824
11.3768 11.7304
11.4212 11.6777
11.4644 11.6243
11.5064 11.5702
11.5473 11.5155
11.587 11.4601
11.6256 11.4042
11.6629 11.3477
11.699 11.2906
11.734 11.233
11.7677 11.1749
11.8003 11.1163
11.8316 11.0572
11.8616 10.9978
11.8905 10.9379
11.9181 10.8777
11.9444 10.8171
11.9696 10.7562
11.9934 10.695
12.016 10.6335
12.0374 10.5718
12.0576 10.5098
12.0764 10.4476
12.094 10.3853
12.1104 10.3228
12.1255 10.2602
12.1394 10.1975
12.1519 10.1348
12.1633 10.0719
12.1734 10.0091
12.1823 9.94626
12.1899 9.88345
12.1963 9.82068
12.2015 9.75798
12.2054 9.69538
12.2082 9.63291
12.2097 9.57057
12.21 9.50841
12.2091 9.44644
12.207 9.38468
12.2037 9.32316
12.1993 9.26191
12.1937 9.20093
12.1869 9.14026
12.179 9.07991
12.1699 9.01992
12.1598 8.96029
12.1485 8.90106
12.136 8.84223
12.1225 8.78384
12.1079 8.7259
12.0923 8.66844
12.0756 8.61147
12.0578 8.55501
12.039 8.49908
12.0192 8.4437
11.9984 8.38889
11.9765 8.33466
11.9538 8.28104
11.93 8.22804
11.9053 8.17568
11.8797 8.12398
11.8532 8.07295
11.8257 8.02261
11.7974 7.97296
11.7683 7.92404
11.7382 7.87585
11.7074 7.82841
11.6757 7.78174
11.6433 7.73583
11.61 7.69072
11.576 7.64641
11.5413 7.60291
11.5058 7.56025
11.4697 7.51841
11.4328 7.47743
11.3953 7.43731
11.3572 7.39806
11.3184 7.35969
11.279 7.32222
11.2391 7.28564
11.1985 7.24997
11.1574 7.21521
11.1158 7.18138
11.0737 7.14849
11.0311 7.11653
10.988 7.08552
10.9445 7.05546
10.9006 7.02635
10.8563 6.99821
10.8116 6.97104
10.7665 6.94484
10.721 6.91961
10.6753 6.89537
10.6293 6.87211
10.5829 6.84983
10.5363 6.82854
10.4895 6.80824
10.4425 6.78893
10.3952 6.77061
10.3478 6.75328
10.3003 6.73695
10.2526 6.7216
10.2047 6.70725
10.1568 6.69389
10.1088 6.68152
10.0608 6.67013
10.0127 6.65973
9.96464 6.6503
9.91656 6.64186
9.8685 6.63439
9.82049 6.62789
9.77254 6.62236
9.72468 6.61779
9.67692 6.61417
9.62928 6.61151
9.58179 6.60979
9.53445 6.609
9.48729 6.60915
9.44033 6.61023
9.39358 6.61222
9.34707 6.61512
9.3008 6.61892
9.2548 6.62362
9.20909 6.6292
9.16367 6.63566
9.11858 6.64298
9.07382 6.65116
9.0294 6.66018
8.98536 6.67005
8.9417 6.68073
8.89843 6.69223
8.85558 6.70454
8.81316 6.71763
8.77117 6.73151
8.72965 6.74616
8.68859 6.76156
8.64802 6.7777
8.60795 6.79458
8.56838 6.81217
8.52934 6.83046
8.49084 6.84945
8.45288 6.86912
8.41549 6.88945
8.37866 6.91042
8.34241 6.93203
8.30676 6.95427
8.27171 6.97711
8.23728 7.00054
8.20347 7.02454
8.17029 7.04911
8.13775 7.07422
8.10586 7.09986
8.07464 7.12602
8.04407 7.15268
8.01419 7.17982
7.98498 7.20742
7.95647 7.23548
7.92864 7.26397
7.90152 7.29288
7.87511 7.3222
7.84941 7.3519
7.82443 7.38197
7.80017 7.41239
7.77664 7.44315
7.75384 7.47423
7.73177 7.50561
7.71044 7.53728
7.68985 7.56922
7.67001 7.60142
7.65091 7.63385
7.63256 7.6665
7.61496 7.69936
7.59811 7.7324
7.58201 7.76562
7.56666 7.79899
7.55206 7.83249
7.53821 7.86612
7.52512 7.89985
7.51277 7.93368
7.50117 7.96757
7.49032 8.00152
7.48021 8.03551
7.47084 8.06953
7.46222 8.10355
7.45433 8.13757
7.44717 8.17156
7.44074 8.20552
7.43503 8.23942
7.43005 8.27325
7.42579 8.307
7.42223 8.34065
7.41938 8.37419
7.41723 8.4076
7.41578 8.44086
7.41501 8.47397
7.41492 8.50691
7.41552 8.53966
7.41677 8.57222
7.41869 8.60456
7.42127 8.63668
7.42448 8.66856
7.42834 8.70019
7.43283 8.73156
7.43793 8.76264
7.44365 8.79344
7.44997 8.82394
7.45688 8.85413
7.46438 8.884
7.47245 8.91353
7.48108 8.94271
7.49027 8.97154
7.5 9



k = 3

cluster1
2.51115 9.12233

cluster2
8.32308 11.3858
8.37072 11.3885
8.41821 11.3902
8.46555 11.391
8.51271 11.3909
8.55967 11.3898
8.60642 11.3878
8.65293 11.3849
8.6992 11.3811
8.7452 11.3764
10.5621 9.23736
10.5564 9.20656
10.55 9.17606
10.5431 9.14587
10.5356 9.116
10.5275 9.08647
10.5189 9.05729
10.5097 9.02846
10.5 9
10.5672 9.26844
10.5717 9.29981
10.5755 9.33144
10.5787 9.36332
10.5813 9.39544
10.5832 9.42778
10.5845 9.46034
10.5851 9.49309
10.585 9.52603
10.5842 9.55914
10.5828 9.5924
10.5806 9.62581
10.5778 9.65935
10.5742 9.693
10.57 9.72675
10.565 9.76058
10.5593 9.79448
10.5528 9.82844
10.5457 9.86243
10.5378 9.89645
10.5292 9.93047
10.5198 9.96449
10.5097 9.99848
10.4988 10.0324
10.4872 10.0663
10.4749 10.1001
10.4618 10.1339
10.4479 10.1675
10.4333 10.201
10.418 10.2344
10.4019 10.2676
10.385 10.3006
10.3674 10.3335
10.3491 10.3661
10.33 10.3986
10.3102 10.4308
10.2896 10.4627
10.2682 10.4944
10.2462 10.5258
10.2234 10.5569
10.1998 10.5876
10.1756 10.618
10.1506 10.6481
10.1249 10.6778
10.0985 10.7071
10.0714 10.736
10.0435 10.7645
10.015 10.7926
9.98581 10.8202
9.95593 10.8473
9.92536 10.874
9.89414 10.9001
9.86225 10.9258
9.82971 10.9509
9.79653 10.9755
9.76272 10.9995
9.72829 11.0229
9.69324 11.0457
9.65759 11.068
9.62134 11.0896
9.58451 11.1105
9.54712 11.1309
9.50916 11.1506
9.47066 11.1695
9.43162 11.1878
9.39205 11.2054
9.35198 11.2223
9.31141 11.2384
9.27035 11.2538
9.22883 11.2685
9.18684 11.2824
9.14442 11.2955
9.10157 11.3078
9.0583 11.3193
9.01464 11.33
8.9706 11.3398
8.92618 11.3488
8.88142 11.357
8.83633 11.3643
8.79091 11.3708
8.27532 11.3822
8.22746 11.3776
8.17951 11.3721
8.1315 11.3656
8.08344 11.3581
8.03536 11.3497
7.98727 11.3403
7.9392 11.3299
7.89116 11.3185
7.84317 11.3061
7.79526 11.2927
7.74744 11.2784
7.69974 11.263
7.65217 11.2467
7.60476 11.2294
7.55752 11.2111
7.51048 11.1918
7.46366 11.1715
7.41707 11.1502
7.37075 11.1279
7.3247 11.1046
7.27896 11.0804
7.23353 11.0552
7.18845 11.029
7.14373 11.0018
7.09939 10.9736
7.05546 10.9445
7.01195 10.9145
6.96888 10.8835
6.92628 10.8515
6.88417 10.8186
6.84256 10.7848
6.80148 10.75
6.76095 10.7144
6.72098 10.6778
6.6816 10.6403
6.64282 10.6019
6.60467 10.5627
6.56716 10.5226
6.53032 10.4816
6.49417 10.4398
6.45871 10.3971
6.42398 10.3536
6.38998 10.3093
6.35675 10.2642
6.32429 10.2183
6.29262 10.1716
6.26177 10.1242
6.23175 10.076
6.20257 10.027
6.17426 9.97739
6.14683 9.92705
6.1203 9.87602
6.09468 9.82432
6.06999 9.77196
6.04624 9.71896
6.02345 9.66534
6.00164 9.61111
5.98082 9.5563
5.96101 9.50092
5.94221 9.44499
5.92444 9.38853
5.90772 9.33156
5.89206 9.2741
5.87747 9.21616
5.86397 9.15777
5.85155 9.09894
5.84025 9.03971
5.83006 8.98008
5.821 8.92009
5.81308 8.85974
5.80631 8.79907
5.8007 8.73809
5.79626 8.67684
5.79299 8.61532
5.7909 8.55356
5.79001 8.49159
5.79032 8.42943
5.79183 8.36709
5.79456 8.30462
5.79851 8.24202
5.80368 8.17932
5.81007 8.11655
5.81771 8.05374
5.82658 7.99089
5.83669 7.92805
5.84805 7.86523
5.86065 7.80246
5.87451 7.73976
5.88962 7.67716
5.90598 7.61468
5.92359 7.55235
5.94245 7.49019
5.96257 7.42824
5.98395 7.3665
6.00657 7.30502
6.03044 7.24381
6.05556 7.1829
6.08192 7.12231
6.10953 7.06207
6.13837 7.00221
6.16844 6.94275
6.19974 6.88372
6.23226 6.82513
6.266 6.76703
6.30095 6.70942
6.33711 6.65234
6.37445 6.59582
6.41299 6.53986
6.4527 6.48451
6.49359 6.42979
6.53563 6.37571
6.57882 6.32231
6.62316 6.26961
6.66862 6.21763
6.7152 6.1664
6.76289 6.11593
6.81167 6.06626
6.86153 6.01741
6.91245 5.9694
6.96443 5.92225
7.01744 5.87599
7.07148 5.83063
7.12652 5.7862
7.18256 5.74273
7.23957 5.70023
7.29754 5.65873
7.35644 5.61824
7.41628 5.57878
7.47701 5.54039
7.53864 5.50307
7.60113 5.46685
7.66446 5.43174
7.72863 5.39778
7.7936 5.36496
7.85936 5.33332
7.92588 5.30287
7.99315 5.27363
8.06114 5.24561
8.12983 5.21884
8.19919 5.19332
8.26921 5.16908
8.33986 5.14613
8.41112 5.12449
8.48295 5.10416
8.55535 5.08517
8.62827 5.06753
8.70171 5.05125
8.77562 5.03635
8.84999 5.02283
8.92479 5.01071
9 5
9.07558 4.99071
9.15151 4.98286
9.22777 4.97644
9.30432 4.97148
9.38114 4.96797
9.4582 4.96594
9.53547 4.96538
9.61292 4.9663
9.69053 4.96871
9.76826 4.97262
9.8461 4.97803
9.924 4.98495
10.0019 4.99338
10.0799 5.00332
10.1578 5.01478
10.2357 5.02776
10.3135 5.04227
10.3912 5.0583
10.4687 5.07586
10.5461 5.09494
10.6233 5.11555
10.7003 5.13768
10.777 5.16134
10.8534 5.18652
10.9295 5.21322
11.0052 5.24144
11.0806 5.27117
11.1555 5.30241
11.23 5.33515
11.3041 5.36939
11.3776 5.40512
11.4506 5.44234
11.523 5.48103
11.5949 5.5212
11.6662 5.56283
11.7367 5.6059
11.8066 5.65043
11.8758 5.69638
11.9443 5.74375
12.012 5.79254
12.0789 5.84272
12.145 5.89429
12.2102 5.94723
12.2746 6.00152
12.338 6.05716
12.4005 6.11413
12.462 6.17241
12.5226 6.23199
12.5821 6.29285
12.6406 6.35497
12.698 6.41833
12.7543 6.48292
12.8095 6.54872
12.8635 6.61571
12.9164 6.68386
12.968 6.75316
13.0185 6.82359
13.0677 6.89512
13.1156 6.96774
13.1622 7.04142
13.2075 7.11613
13.2515 7.19185
13.2941 7.26857
13.3353 7.34625
13.3751 7.42487
13.4135 7.5044
13.4504 7.58483
13.4859 7.66611
13.5199 7.74823
13.5523 7.83116
13.5833 7.91487
13.6127 7.99933
13.6406 8.08451
13.6668 8.17039
13.6915 8.25694
13.7146 8.34412
13.7361 8.43191
13.7559 8.52027
13.774 8.60918
13.7905 8.69861
13.8054 8.78851
13.8185 8.87887
13.8299 8.96965
13.8396 9.06082
13.8476 9.15234
13.8539 9.24419
13.8584 9.33632
13.8611 9.42871
13.8621 9.52133
13.8614 9.61413
13.8588 9.70709
13.8545 9.80017
13.8484 9.89334
13.8405 9.98657
13.8308 10.0798
13.8193 10.173
13.806 10.2662
13.7909 10.3593
13.774 10.4523
13.7553 10.5451
13.7348 10.6377
13.7124 10.7301
13.6883 10.8223
13.6624 10.9141
13.6347 11.0056
13.6051 11.0967
13.5738 11.1875
13.5407 11.2778
13.5058 11.3676
13.4692 11.4569
13.4307 11.5457
13.3905 11.6339
13.3486 11.7215
13.3049 11.8085
13.2595 11.8947
13.2123 11.9803
13.1634 12.0651
13.1129 12.1491
13.0606 12.2323
13.0067 12.3146
12.9511 12.3961
12.8938 12.4766
12.8349 12.5562
12.7744 12.6347
12.7123 12.7123
12.6486 12.7888
12.5833 12.8643
12.5165 12.9386
12.4482 13.0117
12.3783 13.0837
12.307 13.1545
12.2342 13.224
12.1599 13.2923
12.0842 13.3592
12.0071 13.4249
11.9287 13.4892
11.8489 13.552
11.7677 13.6135
11.6852 13.6735
11.6015 13.7321
11.5165 13.7891
11.4302 13.8446
11.3428 13.8986
11.2542 13.951
11.1645 14.0018
11.0736 14.0509
10.9817 14.0984
10.8886 14.1443
10.7946 14.1884
10.6996 14.2308
10.6036 14.2715
10.5067 14.3104
10.4089 14.3475
10.3102 14.3828
10.2107 14.4163
10.1104 14.448
10.0093 14.4778
9.90752 14.5057
9.80502 14.5317
9.70187 14.5558
9.59809 14.578
9.49372 14.5983
9.38881 14.6166
9.28338 14.6329
9.17747 14.6472
9.07112 14.6595
8.96437 14.6699
8.85726 14.6782
8.74982 14.6845
8.64209 14.6888
8.53412 14.691
8.42593 14.6911
8.31757 14.6892
8.20908 14.6852
8.1005 14.6792
7.99187 14.6711
7.88322 14.6609
7.7746 14.6486
7.66605 14.6342
7.5576 14.6178
7.4493 14.5992
7.34119 14.5786
7.2333 14.5559
7.12569 14.5311
7.01838 14.5041
6.91143 14.4752
6.80486 14.4441
6.69872 14.411
6.59306 14.3758
6.4879 14.3385
6.3833 14.2991
6.27929 14.2578
6.17591 14.2143
6.0732 14.1689
5.9712 14.1214
5.86996 14.0719
5.76951 14.0204
5.66988 13.967
5.57113 13.9115
5.47329 13.8541
5.37639 13.7947
5.28049 13.7335
5.1856 13.6702
5.09178 13.6052
4.99906 13.5382
4.90748 13.4693
4.81708 13.3986
4.72789 13.3261
4.63995 13.2518
4.55329 13.1757
4.46796 13.0979
4.38398 13.0183
4.3014 12.937
4.22024 12.854
4.14055 12.7694
4.06235 12.6831
3.98568 12.5952
3.91057 12.5057
3.83705 12.4147
3.76517 12.3221
3.69494 12.2281
3.6264 12.1325
3.55958 12.0356
3.4945 11.9372
3.43121 11.8374
3.36972 11.7363
3.31007 11.6339
3.25229 11.5303
3.19639 11.4253
3.14241 11.3192
3.09037 11.2119
3.0403 11.1034
2.99222 10.9939
2.94616 10.8832
2.90213 10.7716
2.86017 10.659
2.82029 10.5454
2.78252 10.4308
2.74687 10.3155
2.71336 10.1992
2.68202 10.0822
2.65286 9.96445
2.62589 9.84596
2.60114 9.72679
2.57863 9.607
2.55835 9.48661
2.54034 9.36567
2.5246 9.24423

cluster3
15.4754 8.75577
15.4597 8.63433
15.4416 8.51339
15.4214 8.393
15.3989 8.27321
15.3741 8.15404
15.3471 8.03555
15.318 7.91778
15.2866 7.80076
15.2531 7.68454
15.2175 7.56915
15.1797 7.45464
15.1398 7.34105
15.0979 7.22841
15.0538 7.11676
15.0078 7.00614
14.9597 6.89658
14.9096 6.78813
14.8576 6.68082
14.8036 6.57468
14.7477 6.46975
14.6899 6.36606
14.6303 6.26366
14.5688 6.16256
14.5055 6.06281
14.4404 5.96443
14.3736 5.86746
14.3051 5.77193
14.2348 5.67787
14.163 5.58531
14.0894 5.49428
14.0143 5.4048
13.9376 5.31691
13.8595 5.23062
13.7798 5.14598
13.6986 5.06299
13.616 4.9817
13.532 4.90211
13.4467 4.82426
13.36 4.74817
13.2721 4.67386
13.1829 4.60136
13.0925 4.53067
13.0009 4.46183
12.9082 4.39485
12.8144 4.32975
12.7195 4.26654
12.6236 4.20526
12.5267 4.1459
12.4289 4.08849
12.3301 4.03304
12.2305 3.97956
12.13 3.92807
12.0288 3.87858
11.9268 3.83111
11.8241 3.78565
11.7207 3.74223
11.6167 3.70085
11.5121 3.66152
11.4069 3.62425
11.3013 3.58904
11.1951 3.5559
11.0886 3.52483
10.9816 3.49585
10.8743 3.46895
10.7667 3.44413
10.6588 3.4214
10.5507 3.40077
10.4424 3.38222
10.3339 3.36576
10.2254 3.35139
10.1168 3.33911
10.0081 3.32891
9.8995 3.32079
9.79092 3.31475
9.68243 3.31078
9.57407 3.30888
9.46588 3.30904
9.35791 3.31125
9.25018 3.3155
9.14274 3.32179
9.03563 3.33011
8.92888 3.34045
8.82253 3.35279
8.71662 3.36712
8.61119 3.38344
8.50628 3.40173
8.40191 3.42197
8.29813 3.44416
8.19498 3.46827
8.09248 3.49429
7.99068 3.52221
7.88961 3.55201
7.7893 3.58366
7.6898 3.61716
7.59112 3.65248
7.49331 3.68961
7.39639 3.72852
7.30041 3.76919
7.20538 3.8116
7.11136 3.85574
7.01835 3.90157
6.92641 3.94908
6.83554 3.99824
6.7458 4.04902
6.65719 4.10141
6.56976 4.15538
6.48353 4.2109
6.39853 4.26794
6.31478 4.32649
6.23232 4.38651
6.15115 4.44797
6.07133 4.51085
5.99285 4.57512
5.91576 4.64075
5.84007 4.70771
5.76581 4.77597
5.693 4.8455
5.62165 4.91628
5.5518 4.98827
5.48346 5.06143
5.41665 5.13574
5.35138 5.21117
5.28769 5.28769
5.22558 5.36526
5.16507 5.44384
5.10619 5.52342
5.04893 5.60395
4.99333 5.6854
4.93939 5.76773
4.88713 5.85092
4.83656 5.93493
4.78769 6.01972
4.74054 6.10527
4.69511 6.19153
4.65141 6.27848
4.60946 6.36607
4.56927 6.45427
4.53084 6.54306
4.49417 6.63238
4.45929 6.72221
4.42618 6.81252
4.39486 6.90326
4.36534 6.9944
4.33761 7.08591
4.31168 7.17775
4.28756 7.26989
4.26523 7.36229
4.24472 7.45492
4.22601 7.54773
4.2091 7.6407
4.194 7.73379
4.18071 7.82696
4.16921 7.92019
4.15952 8.01343
4.15162 8.10666
4.1455 8.19983
4.14118 8.29291
4.13864 8.38587
4.13787 8.47867
4.13887 8.57129
4.14163 8.66368
4.14614 8.75581
4.15239 8.84766
4.16038 8.93918
4.1701 9.03035
4.18152 9.12113
4.19465 9.21149
4.20947 9.30139
4.22597 9.39082
4.24413 9.47973
4.26395 9.56809
4.2854 9.65588
4.30848 9.74306
4.33317 9.82961
4.35944 9.91549
4.38729 10.0007
4.41671 10.0851
4.44766 10.1688
4.48014 10.2518
4.51412 10.3339
4.54959 10.4152
4.58652 10.4956
4.6249 10.5751
4.66471 10.6538
4.70593 10.7314
4.74853 10.8081
4.79249 10.8839
4.8378 10.9586
4.88442 11.0323
4.93233 11.1049
4.98152 11.1764
5.03196 11.2468
5.08362 11.3161
5.13649 11.3843
5.19052 11.4513
5.24571 11.5171
5.30202 11.5817
5.35942 11.645
5.4179 11.7072
5.47743 11.768
5.53797 11.8276
5.59951 11.8859
5.66201 11.9428
5.72544 11.9985
5.78979 12.0528
5.85501 12.1057
5.92109 12.1573
5.98799 12.2075
6.05569 12.2562
6.12415 12.3036
6.19336 12.3496
6.26327 12.3941
6.33385 12.4372
6.40509 12.4788
6.47695 12.519
6.5494 12.5577
6.62241 12.5949
6.69594 12.6306
6.76998 12.6648
6.84449 12.6976
6.91944 12.7288
6.9948 12.7586
7.07054 12.7868
7.14663 12.8135
7.22304 12.8387
7.29973 12.8623
7.37669 12.8844
7.45388 12.9051
7.53126 12.9241
7.60881 12.9417
7.68651 12.9577
7.76431 12.9722
7.84219 12.9852
7.92012 12.9967
7.99807 13.0066
8.076 13.0151
8.1539 13.022
8.23174 13.0274
8.30947 13.0313
8.38708 13.0337
8.46453 13.0346
8.5418 13.0341
8.61886 13.032
8.69568 13.0285
8.77223 13.0236
8.84849 13.0171
8.92442 13.0093
9 13
9.07521 12.9893
9.15001 12.9772
9.22438 12.9636
9.29829 12.9488
9.37173 12.9325
9.44465 12.9148
9.51705 12.8958
9.58888 12.8755
9.66014 12.8539
9.73079 12.8309
9.80081 12.8067
9.87017 12.7812
9.93886 12.7544
10.0069 12.7264
10.0741 12.6971
10.1406 12.6667
10.2064 12.635
10.2714 12.6022
10.3355 12.5683
10.3989 12.5331
10.4614 12.4969
10.523 12.4596
10.5837 12.4212
10.6436 12.3818
10.7025 12.3413
10.7604 12.2998
10.8174 12.2573
10.8735 12.2138
10.9285 12.1694
10.9826 12.124
11.0356 12.0777
11.0876 12.0306
11.1385 11.9826
11.1883 11.9337
11.2371 11.8841
11.2848 11.8336
11.3314 11.7824
11.3768 11.7304
11.4212 11.6777
11.4644 11.6243
11.5064 11.5702
11.5473 11.5155
11.587 11.4601
11.6256 11.4042
11.6629 11.3477
11.699 11.2906
11.734 11.233
11.7677 11.1749
11.8003 11.1163
11.8316 11.0572
11.8616 10.9978
11.8905 10.9379
11.9181 10.8777
11.9444 10.8171
11.9696 10.7562
11.9934 10.695
12.016 10.6335
12.0374 10.5718
12.0576 10.5098
12.0764 10.4476
12.094 10.3853
12.1104 10.3228
12.1255 10.2602
12.1394 10.1975
12.1519 10.1348
12.1633 10.0719
12.1734 10.0091
12.1823 9.94626
12.1899 9.88345
12.1963 9.82068
12.2015 9.75798
12.2054 9.69538
12.2082 9.63291
12.2097 9.57057
12.21 9.50841
12.2091 9.44644
12.207 9.38468
12.2037 9.32316
12.1993 9.26191
12.1937 9.20093
12.1869 9.14026
12.179 9.07991
12.1699 9.01992
12.1598 8.96029
12.1485 8.90106
12.136 8.84223
12.1225 8.78384
12.1079 8.7259
12.0923 8.66844
12.0756 8.61147
12.0578 8.55501
12.039 8.49908
12.0192 8.4437
11.9984 8.38889
11.9765 8.33466
11.9538 8.28104
11.93 8.22804
11.9053 8.17568
11.8797 8.12398
11.8532 8.07295
11.8257 8.02261
11.7974 7.97296
11.7683 7.92404
11.7382 7.87585
11.7074 7.82841
11.6757 7.78174
11.6433 7.73583
11.61 7.69072
11.576 7.64641
11.5413 7.60291
11.5058 7.56025
11.4697 7.51841
11.4328 7.47743
11.3953 7.43731
11.3572 7.39806
11.3184 7.35969
11.279 7.32222
11.2391 7.28564
11.1985 7.24997
11.1574 7.21521
11.1158 7.18138
11.0737 7.14849
11.0311 7.11653
10.988 7.08552
10.9445 7.05546
10.9006 7.02635
10.8563 6.99821
10.8116 6.97104
10.7665 6.94484
10.721 6.91961
10.6753 6.89537
10.6293 6.87211
10.5829 6.84983
10.5363 6.82854
10.4895 6.80824
10.4425 6.78893
10.3952 6.77061
10.3478 6.75328
10.3003 6.73695
10.2526 6.7216
10.2047 6.70725
10.1568 6.69389
10.1088 6.68152
10.0608 6.67013
10.0127 6.65973
9.96464 6.6503
9.91656 6.64186
9.8685 6.63439
9.82049 6.62789
9.77254 6.62236
9.72468 6.61779
9.67692 6.61417
9.62928 6.61151
9.58179 6.60979
9.53445 6.609
9.48729 6.60915
9.44033 6.61023
9.39358 6.61222
9.34707 6.61512
9.3008 6.61892
9.2548 6.62362
9.20909 6.6292
9.16367 6.63566
9.11858 6.64298
9.07382 6.65116
9.0294 6.66018
8.98536 6.67005
8.9417 6.68073
8.89843 6.69223
8.85558 6.70454
8.81316 6.71763
8.77117 6.73151
8.72965 6.74616
8.68859 6.76156
8.64802 6.7777
8.60795 6.79458
8.56838 6.81217
8.52934 6.83046
8.49084 6.84945
8.45288 6.86912
8.41549 6.88945
8.37866 6.91042
8.34241 6.93203
8.30676 6.95427
8.27171 6.97711
8.23728 7.00054
8.20347 7.02454
8.17029 7.04911
8.13775 7.07422
8.10586 7.09986
8.07464 7.12602
8.04407 7.15268
8.01419 7.17982
7.98498 7.20742
7.95647 7.23548
7.92864 7.26397
7.90152 7.29288
7.87511 7.3222
7.84941 7.3519
7.82443 7.38197
7.80017 7.41239
7.77664 7.44315
7.75384 7.47423
7.73177 7.50561
7.71044 7.53728
7.68985 7.56922
7.67001 7.60142
7.65091 7.63385
7.63256 7.6665
7.61496 7.69936
7.59811 7.7324
7.58201 7.76562
7.56666 7.79899
7.55206 7.83249
7.53821 7.86612
7.52512 7.89985
7.51277 7.93368
7.50117 7.96757
7.49032 8.00152
7.48021 8.03551
7.47084 8.06953
7.46222 8.10355
7.45433 8.13757
7.44717 8.17156
7.44074 8.20552
7.43503 8.23942
7.43005 8.27325
7.42579 8.307
7.42223 8.34065
7.41938 8.37419
7.41723 8.4076
7.41578 8.44086
7.41501 8.47397
7.41492 8.50691
7.41552 8.53966
7.41677 8.57222
7.41869 8.60456
7.42127 8.63668
7.42448 8.66856
7.42834 8.70019
7.43283 8.73156
7.43793 8.76264
7.44365 8.79344
7.44997 8.82394
7.45688 8.85413
7.46438 8.884
7.47245 8.91353
7.48108 8.94271
7.49027 8.97154
7.5 9
15.4888 8.87767



k = 2

cluster1
8.32308 11.3858
8.37072 11.3885
8.41821 11.3902
8.46555 11.391
8.51271 11.3909
8.55967 11.3898
8.60642 11.3878
8.65293 11.3849
8.6992 11.3811
8.7452 11.3764
10.5621 9.23736
10.5564 9.20656
10.55 9.17606
10.5431 9.14587
10.5356 9.116
10.5275 9.08647
10.5189 9.05729
10.5097 9.02846
10.5 9
10.5672 9.26844
10.5717 9.29981
10.5755 9.33144
10.5787 9.36332
10.5813 9.39544
10.5832 9.42778
10.5845 9.46034
10.5851 9.49309
10.585 9.52603
10.5842 9.55914
10.5828 9.5924
10.5806 9.62581
10.5778 9.65935
10.5742 9.693
10.57 9.72675
10.565 9.76058
10.5593 9.79448
10.5528 9.82844
10.5457 9.86243
10.5378 9.89645
10.5292 9.93047
10.5198 9.96449
10.5097 9.99848
10.4988 10.0324
10.4872 10.0663
10.4749 10.1001
10.4618 10.1339
10.4479 10.1675
10.4333 10.201
10.418 10.2344
10.4019 10.2676
10.385 10.3006
10.3674 10.3335
10.3491 10.3661
10.33 10.3986
10.3102 10.4308
10.2896 10.4627
10.2682 10.4944
10.2462 10.5258
10.2234 10.5569
10.1998 10.5876
10.1756 10.618
10.1506 10.6481
10.1249 10.6778
10.0985 10.7071
10.0714 10.736
10.0435 10.7645
10.015 10.7926
9.98581 10.8202
9.95593 10.8473
9.92536 10.874
9.89414 10.9001
9.86225 10.9258
9.82971 10.9509
9.79653 10.9755
9.76272 10.9995
9.72829 11.0229
9.69324 11.0457
9.65759 11.068
9.62134 11.0896
9.58451 11.1105
9.54712 11.1309
9.50916 11.1506
9.47066 11.1695
9.43162 11.1878
9.39205 11.2054
9.35198 11.2223
9.31141 11.2384
9.27035 11.2538
9.22883 11.2685
9.18684 11.2824
9.14442 11.2955
9.10157 11.3078
9.0583 11.3193
9.01464 11.33
8.9706 11.3398
8.92618 11.3488
8.88142 11.357
8.83633 11.3643
8.79091 11.3708
8.27532 11.3822
8.22746 11.3776
8.17951 11.3721
8.1315 11.3656
8.08344 11.3581
8.03536 11.3497
7.98727 11.3403
7.9392 11.3299
7.89116 11.3185
7.84317 11.3061
7.79526 11.2927
7.74744 11.2784
7.69974 11.263
7.65217 11.2467
7.60476 11.2294
7.55752 11.2111
7.51048 11.1918
7.46366 11.1715
7.41707 11.1502
7.37075 11.1279
7.3247 11.1046
7.27896 11.0804
7.23353 11.0552
7.18845 11.029
7.14373 11.0018
7.09939 10.9736
7.05546 10.9445
7.01195 10.9145
6.96888 10.8835
6.92628 10.8515
6.88417 10.8186
6.84256 10.7848
6.80148 10.75
6.76095 10.7144
6.72098 10.6778
6.6816 10.6403
6.64282 10.6019
6.60467 10.5627
6.56716 10.5226
6.53032 10.4816
6.49417 10.4398
6.45871 10.3971
6.42398 10.3536
6.38998 10.3093
6.35675 10.2642
6.32429 10.2183
6.29262 10.1716
6.26177 10.1242
6.23175 10.076
6.20257 10.027
6.17426 9.97739
6.14683 9.92705
6.1203 9.87602
6.09468 9.82432
6.06999 9.77196
6.04624 9.71896
6.02345 9.66534
6.00164 9.61111
5.98082 9.5563
5.96101 9.50092
5.94221 9.44499
5.92444 9.38853
5.90772 9.33156
5.89206 9.2741
5.87747 9.21616
5.86397 9.15777
5.85155 9.09894
5.84025 9.03971
5.83006 8.98008
5.821 8.92009
5.81308 8.85974
5.80631 8.79907
5.8007 8.73809
5.79626 8.67684
5.79299 8.61532
5.7909 8.55356
5.79001 8.49159
5.79032 8.42943
5.79183 8.36709
5.79456 8.30462
5.79851 8.24202
5.80368 8.17932
5.81007 8.11655
5.81771 8.05374
5.82658 7.99089
5.83669 7.92805
5.84805 7.86523
5.86065 7.80246
5.87451 7.73976
5.88962 7.67716
5.90598 7.61468
5.92359 7.55235
5.94245 7.49019
5.96257 7.42824
5.98395 7.3665
6.00657 7.30502
6.03044 7.24381
6.05556 7.1829
6.08192 7.12231
6.10953 7.06207
6.13837 7.00221
6.16844 6.94275
6.19974 6.88372
6.23226 6.82513
6.266 6.76703
6.30095 6.70942
6.33711 6.65234
6.37445 6.59582
6.41299 6.53986
6.4527 6.48451
6.49359 6.42979
6.53563 6.37571
6.57882 6.32231
6.62316 6.26961
6.66862 6.21763
6.7152 6.1664
6.76289 6.11593
6.81167 6.06626
6.86153 6.01741
6.91245 5.9694
6.96443 5.92225
7.01744 5.87599
7.07148 5.83063
7.12652 5.7862
7.18256 5.74273
7.23957 5.70023
7.29754 5.65873
7.35644 5.61824
7.41628 5.57878
7.47701 5.54039
7.53864 5.50307
7.60113 5.46685
7.66446 5.43174
7.72863 5.39778
7.7936 5.36496
7.85936 5.33332
7.92588 5.30287
7.99315 5.27363
8.06114 5.24561
8.12983 5.21884
8.19919 5.19332
8.26921 5.16908
8.33986 5.14613
8.41112 5.12449
8.48295 5.10416
8.55535 5.08517
8.62827 5.06753
8.70171 5.05125
8.77562 5.03635
8.84999 5.02283
8.92479 5.01071
9 5
9.07558 4.99071
9.15151 4.98286
9.22777 4.97644
9.30432 4.97148
9.38114 4.96797
9.4582 4.96594
9.53547 4.96538
9.61292 4.9663
9.69053 4.96871
9.76826 4.97262
9.8461 4.97803
9.924 4.98495
10.0019 4.99338
10.0799 5.00332
10.1578 5.01478
10.2357 5.02776
10.3135 5.04227
10.3912 5.0583
10.4687 5.07586
10.5461 5.09494
10.6233 5.11555
10.7003 5.13768
10.777 5.16134
10.8534 5.18652
10.9295 5.21322
11.0052 5.24144
11.0806 5.27117
11.1555 5.30241
11.23 5.33515
11.3041 5.36939
11.3776 5.40512
11.4506 5.44234
11.523 5.48103
11.5949 5.5212
11.6662 5.56283
11.7367 5.6059
11.8066 5.65043
11.8758 5.69638
11.9443 5.74375
12.012 5.79254
12.0789 5.84272
12.145 5.89429
12.2102 5.94723
12.2746 6.00152
12.338 6.05716
12.4005 6.11413
12.462 6.17241
12.5226 6.23199
12.5821 6.29285
12.6406 6.35497
12.698 6.41833
12.7543 6.48292
12.8095 6.54872
12.8635 6.61571
12.9164 6.68386
12.968 6.75316
13.0185 6.82359
13.0677 6.89512
13.1156 6.96774
13.1622 7.04142
13.2075 7.11613
13.2515 7.19185
13.2941 7.26857
13.3353 7.34625
13.3751 7.42487
13.4135 7.5044
13.4504 7.58483
13.4859 7.66611
13.5199 7.74823
13.5523 7.83116
13.5833 7.91487
13.6127 7.99933
13.6406 8.08451
13.6668 8.17039
13.6915 8.25694
13.7146 8.34412
13.7361 8.43191
13.7559 8.52027
13.774 8.60918
13.7905 8.69861
13.8054 8.78851
13.8185 8.87887
13.8299 8.96965
13.8396 9.06082
13.8476 9.15234
13.8539 9.24419
13.8584 9.33632
13.8611 9.42871
13.8621 9.52133
13.8614 9.61413
13.8588 9.70709
13.8545 9.80017
13.8484 9.89334
13.8405 9.98657
13.8308 10.0798
13.8193 10.173
13.806 10.2662
13.7909 10.3593
13.774 10.4523
13.7553 10.5451
13.7348 10.6377
13.7124 10.7301
13.6883 10.8223
13.6624 10.9141
13.6347 11.0056
13.6051 11.0967
13.5738 11.1875
13.5407 11.2778
13.5058 11.3676
13.4692 11.4569
13.4307 11.5457
13.3905 11.6339
13.3486 11.7215
13.3049 11.8085
13.2595 11.8947
13.2123 11.9803
13.1634 12.0651
13.1129 12.1491
13.0606 12.2323
13.0067 12.3146
12.9511 12.3961
12.8938 12.4766
12.8349 12.5562
12.7744 12.6347
12.7123 12.7123
12.6486 12.7888
12.5833 12.8643
12.5165 12.9386
12.4482 13.0117
12.3783 13.0837
12.307 13.1545
12.2342 13.224
12.1599 13.2923
12.0842 13.3592
12.0071 13.4249
11.9287 13.4892
11.8489 13.552
11.7677 13.6135
11.6852 13.6735
11.6015 13.7321
11.5165 13.7891
11.4302 13.8446
11.3428 13.8986
11.2542 13.951
11.1645 14.0018
11.0736 14.0509
10.9817 14.0984
10.8886 14.1443
10.7946 14.1884
10.6996 14.2308
10.6036 14.2715
10.5067 14.3104
10.4089 14.3475
10.3102 14.3828
10.2107 14.4163
10.1104 14.448
10.0093 14.4778
9.90752 14.5057
9.80502 14.5317
9.70187 14.5558
9.59809 14.578
9.49372 14.5983
9.38881 14.6166
9.28338 14.6329
9.17747 14.6472
9.07112 14.6595
8.96437 14.6699
8.85726 14.6782
8.74982 14.6845
8.64209 14.6888
8.53412 14.691
8.42593 14.6911
8.31757 14.6892
8.20908 14.6852
8.1005 14.6792
7.99187 14.6711
7.88322 14.6609
7.7746 14.6486
7.66605 14.6342
7.5576 14.6178
7.4493 14.5992
7.34119 14.5786
7.2333 14.5559
7.12569 14.5311
7.01838 14.5041
6.91143 14.4752
6.80486 14.4441
6.69872 14.411
6.59306 14.3758
6.4879 14.3385
6.3833 14.2991
6.27929 14.2578
6.17591 14.2143
6.0732 14.1689
5.9712 14.1214
5.86996 14.0719
5.76951 14.0204
5.66988 13.967
5.57113 13.9115
5.47329 13.8541
5.37639 13.7947
5.28049 13.7335
5.1856 13.6702
5.09178 13.6052
4.99906 13.5382
4.90748 13.4693
4.81708 13.3986
4.72789 13.3261
4.63995 13.2518
4.55329 13.1757
4.46796 13.0979
4.38398 13.0183
4.3014 12.937
4.22024 12.854
4.14055 12.7694
4.06235 12.6831
3.98568 12.5952
3.91057 12.5057
3.83705 12.4147
3.76517 12.3221
3.69494 12.2281
3.6264 12.1325
3.55958 12.0356
3.4945 11.9372
3.43121 11.8374
3.36972 11.7363
3.31007 11.6339
3.25229 11.5303
3.19639 11.4253
3.14241 11.3192
3.09037 11.2119
3.0403 11.1034
2.99222 10.9939
2.94616 10.8832
2.90213 10.7716
2.86017 10.659
2.82029 10.5454
2.78252 10.4308
2.74687 10.3155
2.71336 10.1992
2.68202 10.0822
2.65286 9.96445
2.62589 9.84596
2.60114 9.72679
2.57863 9.607
2.55835 9.48661
2.54034 9.36567
2.5246 9.24423
2.51115 9.12233

cluster2
15.4754 8.75577
15.4597 8.63433
15.4416 8.51339
15.4214 8.393
15.3989 8.27321
15.3741 8.15404
15.3471 8.03555
15.318 7.91778
15.2866 7.80076
15.2531 7.68454
15.2175 7.56915
15.1797 7.45464
15.1398 7.34105
15.0979 7.22841
15.0538 7.11676
15.0078 7.00614
14.9597 6.89658
14.9096 6.78813
14.8576 6.68082
14.8036 6.57468
14.7477 6.46975
14.6899 6.36606
14.6303 6.26366
14.5688 6.16256
14.5055 6.06281
14.4404 5.96443
14.3736 5.86746
14.3051 5.77193
14.2348 5.67787
14.163 5.58531
14.0894 5.49428
14.0143 5.4048
13.9376 5.31691
13.8595 5.23062
13.7798 5.14598
13.6986 5.06299
13.616 4.9817
13.532 4.90211
13.4467 4.82426
13.36 4.74817
13.2721 4.67386
13.1829 4.60136
13.0925 4.53067
13.0009 4.46183
12.9082 4.39485
12.8144 4.32975
12.7195 4.26654
12.6236 4.20526
12.5267 4.1459
12.4289 4.08849
12.3301 4.03304
12.2305 3.97956
12.13 3.92807
12.0288 3.87858
11.9268 3.83111
11.8241 3.78565
11.7207 3.74223
11.6167 3.70085
11.5121 3.66152
11.4069 3.62425
11.3013 3.58904
11.1951 3.5559
11.0886 3.52483
10.9816 3.49585
10.8743 3.46895
10.7667 3.44413
10.6588 3.4214
10.5507 3.40077
10.4424 3.38222
10.3339 3.36576
10.2254 3.35139
10.1168 3.33911
10.0081 3.32891
9.8995 3.32079
9.79092 3.31475
9.68243 3.31078
9.57407 3.30888
9.46588 3.30904
9.35791 3.31125
9.25018 3.3155
9.14274 3.32179
9.03563 3.33011
8.92888 3.34045
8.82253 3.35279
8.71662 3.36712
8.61119 3.38344
8.50628 3.40173
8.40191 3.42197
8.29813 3.44416
8.19498 3.46827
8.09248 3.49429
7.99068 3.52221
7.88961 3.55201
7.7893 3.58366
7.6898 3.61716
7.59112 3.65248
7.49331 3.68961
7.39639 3.72852
7.30041 3.76919
7.20538 3.8116
7.11136 3.85574
7.01835 3.90157
6.92641 3.94908
6.83554 3.99824
6.7458 4.04902
6.65719 4.10141
6.56976 4.15538
6.48353 4.2109
6.39853 4.26794
6.31478 4.32649
6.23232 4.38651
6.15115 4.44797
6.07133 4.51085
5.99285 4.57512
5.91576 4.64075
5.84007 4.70771
5.76581 4.77597
5.693 4.8455
5.62165 4.91628
5.5518 4.98827
5.48346 5.06143
5.41665 5.13574
5.35138 5.21117
5.28769 5.28769
5.22558 5.36526
5.16507 5.44384
5.10619 5.52342
5.04893 5.60395
4.99333 5.6854
4.93939 5.76773
4.88713 5.85092
4.83656 5.93493
4.78769 6.01972
4.74054 6.10527
4.69511 6.19153
4.65141 6.27848
4.60946 6.36607
4.56927 6.45427
4.53084 6.54306
4.49417 6.63238
4.45929 6.72221
4.42618 6.81252
4.39486 6.90326
4.36534 6.9944
4.33761 7.08591
4.31168 7.17775
4.28756 7.26989
4.26523 7.36229
4.24472 7.45492
4.22601 7.54773
4.2091 7.6407
4.194 7.73379
4.18071 7.82696
4.16921 7.92019
4.15952 8.01343
4.15162 8.10666
4.1455 8.19983
4.14118 8.29291
4.13864 8.38587
4.13787 8.47867
4.13887 8.57129
4.14163 8.66368
4.14614 8.75581
4.15239 8.84766
4.16038 8.93918
4.1701 9.03035
4.18152 9.12113
4.19465 9.21149
4.20947 9.30139
4.22597 9.39082
4.24413 9.47973
4.26395 9.56809
4.2854 9.65588
4.30848 9.74306
4.33317 9.82961
4.35944 9.91549
4.38729 10.0007
4.41671 10.0851
4.44766 10.1688
4.48014 10.2518
4.51412 10.3339
4.54959 10.4152
4.58652 10.4956
4.6249 10.5751
4.66471 10.6538
4.70593 10.7314
4.74853 10.8081
4.79249 10.8839
4.8378 10.9586
4.88442 11.0323
4.93233 11.1049
4.98152 11.1764
5.03196 11.2468
5.08362 11.3161
5.13649 11.3843
5.19052 11.4513
5.24571 11.5171
5.30202 11.5817
5.35942 11.645
5.4179 11.7072
5.47743 11.768
5.53797 11.8276
5.59951 11.8859
5.66201 11.9428
5.72544 11.9985
5.78979 12.0528
5.85501 12.1057
5.92109 12.1573
5.98799 12.2075
6.05569 12.2562
6.12415 12.3036
6.19336 12.3496
6.26327 12.3941
6.33385 12.4372
6.40509 12.4788
6.47695 12.519
6.5494 12.5577
6.62241 12.5949
6.69594 12.6306
6.76998 12.6648
6.84449 12.6976
6.91944 12.7288
6.9948 12.7586
7.07054 12.7868
7.14663 12.8135
7.22304 12.8387
7.29973 12.8623
7.37669 12.8844
7.45388 12.9051
7.53126 12.9241
7.60881 12.9417
7.68651 12.9577
7.76431 12.9722
7.84219 12.9852
7.92012 12.9967
7.99807 13.0066
8.076 13.0151
8.1539 13.022
8.23174 13.0274
8.30947 13.0313
8.38708 13.0337
8.46453 13.0346
8.5418 13.0341
8.61886 13.032
8.69568 13.0285
8.77223 13.0236
8.84849 13.0171
8.92442 13.0093
9 13
9.07521 12.9893
9.15001 12.9772
9.22438 12.9636
9.29829 12.9488
9.37173 12.9325
9.44465 12.9148
9.51705 12.8958
9.58888 12.8755
9.66014 12.8539
9.73079 12.8309
9.80081 12.8067
9.87017 12.7812
9.93886 12.7544
10.0069 12.7264
10.0741 12.6971
10.1406 12.6667
10.2064 12.635
10.2714 12.6022
10.3355 12.5683
10.3989 12.5331
10.4614 12.4969
10.523 12.4596
10.5837 12.4212
10.6436 12.3818
10.7025 12.3413
10.7604 12.2998
10.8174 12.2573
10.8735 12.2138
10.9285 12.1694
10.9826 12.124
11.0356 12.0777
11.0876 12.0306
11.1385 11.9826
11.1883 11.9337
11.2371 11.8841
11.2848 11.8336
11.3314 11.7824
11.3768 11.7304
11.4212 11.6777
11.4644 11.6243
11.5064 11.5702
11.5473 11.5155
11.587 11.4601
11.6256 11.4042
11.6629 11.3477
11.699 11.2906
11.734 11.233
11.7677 11.1749
11.8003 11.1163
11.8316 11.0572
11.8616 10.9978
11.8905 10.9379
11.9181 10.8777
11.9444 10.8171
11.9696 10.7562
11.9934 10.695
12.016 10.6335
12.0374 10.5718
12.0576 10.5098
12.0764 10.4476
12.094 10.3853
12.1104 10.3228
12.1255 10.2602
12.1394 10.1975
12.1519 10.1348
12.1633 10.0719
12.1734 10.0091
12.1823 9.94626
12.1899 9.88345
12.1963 9.82068
12.2015 9.75798
12.2054 9.69538
12.2082 9.63291
12.2097 9.57057
12.21 9.50841
12.2091 9.44644
12.207 9.38468
12.2037 9.32316
12.1993 9.26191
12.1937 9.20093
12.1869 9.14026
12.179 9.07991
12.1699 9.01992
12.1598 8.96029
12.1485 8.90106
12.136 8.84223
12.1225 8.78384
12.1079 8.7259
12.0923 8.66844
12.0756 8.61147
12.0578 8.55501
12.039 8.49908
12.0192 8.4437
11.9984 8.38889
11.9765 8.33466
11.9538 8.28104
11.93 8.22804
11.9053 8.17568
11.8797 8.12398
11.8532 8.07295
11.8257 8.02261
11.7974 7.97296
11.7683 7.92404
11.7382 7.87585
11.7074 7.82841
11.6757 7.78174
11.6433 7.73583
11.61 7.69072
11.576 7.64641
11.5413 7.60291
11.5058 7.56025
11.4697 7.51841
11.4328 7.47743
11.3953 7.43731
11.3572 7.39806
11.3184 7.35969
11.279 7.32222
11.2391 7.28564
11.1985 7.24997
11.1574 7.21521
11.1158 7.18138
11.0737 7.14849
11.0311 7.11653
10.988 7.08552
10.9445 7.05546
10.9006 7.02635
10.8563 6.99821
10.8116 6.97104
10.7665 6.94484
10.721 6.91961
10.6753 6.89537
10.6293 6.87211
10.5829 6.84983
10.5363 6.82854
10.4895 6.80824
10.4425 6.78893
10.3952 6.77061
10.3478 6.75328
10.3003 6.73695
10.2526 6.7216
10.2047 6.70725
10.1568 6.69389
10.1088 6.68152
10.0608 6.67013
10.0127 6.65973
9.96464 6.6503
9.91656 6.64186
9.8685 6.63439
9.82049 6.62789
9.77254 6.62236
9.72468 6.61779
9.67692 6.61417
9.62928 6.61151
9.58179 6.60979
9.53445 6.609
9.48729 6.60915
9.44033 6.61023
9.39358 6.61222
9.34707 6.61512
9.3008 6.61892
9.2548 6.62362
9.20909 6.6292
9.16367 6.63566
9.11858 6.64298
9.07382 6.65116
9.0294 6.66018
8.98536 6.67005
8.9417 6.68073
8.89843 6.69223
8.85558 6.70454
8.81316 6.71763
8.77117 6.73151
8.72965 6.74616
8.68859 6.76156
8.64802 6.7777
8.60795 6.79458
8.56838 6.81217
8.52934 6.83046
8.49084 6.84945
8.45288 6.86912
8.41549 6.88945
8.37866 6.91042
8.34241 6.93203
8.30676 6.95427
8.27171 6.97711
8.23728 7.00054
8.20347 7.02454
8.17029 7.04911
8.13775 7.07422
8.10586 7.09986
8.07464 7.12602
8.04407 7.15268
8.01419 7.17982
7.98498 7.20742
7.95647 7.23548
7.92864 7.26397
7.90152 7.29288
7.87511 7.3222
7.84941 7.3519
7.82443 7.38197
7.80017 7.41239
7.77664 7.44315
7.75384 7.47423
7.73177 7.50561
7.71044 7.53728
7.68985 7.56922
7.67001 7.60142
7.65091 7.63385
7.63256 7.6665
7.61496 7.69936
7.59811 7.7324
7.58201 7.76562
7.56666 7.79899
7.55206 7.83249
7.53821 7.86612
7.52512 7.89985
7.51277 7.93368
7.50117 7.96757
7.49032 8.00152
7.48021 8.03551
7.47084 8.06953
7.46222 8.10355
7.45433 8.13757
7.44717 8.17156
7.44074 8.20552
7.43503 8.23942
7.43005 8.27325
7.42579 8.307
7.42223 8.34065
7.41938 8.37419
7.41723 8.4076
7.41578 8.44086
7.41501 8.47397
7.41492 8.50691
7.41552 8.53966
7.41677 8.57222
7.41869 8.60456
7.42127 8.63668
7.42448 8.66856
7.42834 8.70019
7.43283 8.73156
7.43793 8.76264
7.44365 8.79344
7.44997 8.82394
7.45688 8.85413
7.46438 8.884
7.47245 8.91353
7.48108 8.94271
7.49027 8.97154
7.5 9
15.4888 8.87767